REF	PTT	END_DATE	MAX_DBAR	CNT	NUM	N_TEMP	N_PHOTO	TEMP_DBAR	TEMP_VALS	N_COND	COND_DBAR	COND_VALS	N_SAL	SAL_DBAR	SAL_VALS	N_FLUORO	FLUORO_DBAR	FLUORO_VALS	N_OXY	OXY_DBAR	OXY_VALS	PHOTO_DBAR	PHOTO_VALS	QC_PROFILE	QC_TEMP	QC_SAL	SAL_CORRECTED_VALS	CREATED	MODIFIED	LON	LAT
gp24-419-20	210331	2021-02-08T23:46:48Z	34		0	14		2,6,10,12,14,16,18,20,22,24,28,30,32,34	12.028,11.920,11.862,11.805,11.737,11.687,11.667,11.650,11.637,11.620,11.532,11.458,11.265,11.168															0	0,0,0,0,0,0,0,0,0,0,0,0,0,0			2021-05-09T07:53:45Z	2021-05-09T07:53:45Z		
gp24-419-20	210331	2021-02-09T04:24:00Z	84		0	15		2,10,20,30,40,50,54,56,60,66,70,72,75,82,84	12.166,12.166,12.114,12.080,11.953,11.719,11.592,11.457,11.044,10.538,10.403,10.311,10.302,10.057,10.016															0	0,0,0,0,0,0,0,0,0,0,0,0,0,0,0			2021-05-09T07:53:45Z	2021-05-09T07:53:45Z		
gp24-419-20	210331	2021-02-09T05:36:12Z	114		0	15		2,10,20,30,40,50,56,60,64,75,80,98,100,110,114	12.202,12.160,12.119,12.038,11.954,11.639,11.443,10.901,10.421,10.155,10.186,9.910,9.857,9.829,9.594															0	0,0,0,0,0,0,0,0,0,0,0,0,0,0,0			2021-05-09T07:53:45Z	2021-05-09T07:53:45Z		
gp24-419-20	210331	2021-02-09T11:12:24Z	58		0	14		2,10,14,20,26,30,36,38,40,44,48,50,54,58	12.264,12.257,12.257,12.250,12.242,12.235,12.185,12.129,11.974,11.395,10.972,10.844,10.745,10.464															0	0,0,0,0,0,0,0,0,0,0,0,0,0,0			2021-05-09T07:53:45Z	2021-05-09T07:53:45Z		
gp24-419-20	210331	2021-02-09T15:08:36Z	222		0	15		2,10,20,30,42,50,66,75,98,100,106,150,182,200,222	12.092,12.077,12.062,11.957,11.857,11.400,10.537,10.272,9.670,9.644,9.423,8.881,8.541,8.485,8.354															0	0,0,0,0,0,0,0,0,0,0,0,0,0,0,0			2021-05-09T07:53:45Z	2021-05-09T07:53:45Z		
gp24-419-20	210331	2021-02-09T15:35:12Z	298		0	15		2,10,20,30,44,50,54,75,98,100,150,180,200,228,298	12.055,12.074,12.055,12.037,11.962,11.469,10.995,10.195,9.608,9.571,8.934,8.459,8.422,8.278,7.422															0	0,0,0,0,0,0,0,0,0,0,0,0,0,0,0			2021-05-09T07:53:45Z	2021-05-09T07:53:45Z		
gp24-419-20	210331	2021-02-09T21:17:00Z	328		0	15		2,10,20,30,40,50,56,66,98,100,150,200,274,300,328	12.144,12.061,12.040,11.978,11.756,11.108,10.517,9.989,9.279,9.238,8.829,8.098,7.223,7.285,6.964															0	0,0,0,0,0,0,0,0,0,0,0,0,0,0,0			2021-05-09T07:53:45Z	2021-08-09T04:22:35Z	-123.279118007086	37.1060611087327
gp24-419-20	210331	2021-02-10T02:24:12Z	458		0	15		2,10,20,40,50,60,98,100,150,200,244,300,400,456,458	11.998,11.929,11.860,11.681,10.823,10.005,9.308,9.285,8.922,8.248,7.453,7.344,6.509,6.238,6.238															0	0,0,0,0,0,0,0,0,0,0,0,0,0,0,0			2021-05-09T07:53:45Z	2021-08-09T04:22:35Z	-123.382379690955	37.1958375996817
gp24-419-20	210331	2021-02-11T04:37:36Z	352		0	15		2,10,20,30,50,62,70,98,100,120,150,200,262,300,352	11.766,11.702,11.595,11.430,11.281,11.137,10.614,10.006,9.884,9.047,8.833,8.332,7.394,7.037,6.434															0	0,0,0,0,0,0,0,0,0,0,0,0,0,0,0			2021-05-09T07:53:45Z	2021-08-09T04:22:35Z	-124.786738335538	37.4730915858454
gp24-419-20	210331	2021-02-12T04:53:00Z	310		0	15		2,10,20,30,50,58,76,98,100,126,140,150,200,300,310	11.320,11.281,11.281,11.359,11.378,11.242,10.348,10.042,9.944,8.763,8.613,8.802,8.039,6.610,6.518															0	0,0,0,0,0,0,0,0,0,0,0,0,0,0,0			2021-05-09T07:53:45Z	2021-08-09T04:22:35Z	-125.277087258343	38.159809681898
gp24-419-20	210331	2021-02-12T09:12:12Z	430		0	15		2,10,20,28,50,70,84,100,114,136,150,200,300,400,430	11.662,11.616,11.500,11.049,10.731,10.506,9.800,9.482,9.552,8.667,8.621,8.100,6.782,6.036,5.880															0	0,0,0,0,0,0,0,0,0,0,0,0,0,0,0			2021-05-09T07:53:45Z	2021-08-09T04:22:35Z	-125.482597054985	38.3112927635967
gp24-419-20	210331	2021-02-12T11:17:48Z	546		0	15		2,10,20,34,50,70,82,100,110,176,200,300,400,500,546	11.542,11.518,11.323,10.775,10.587,10.033,9.297,9.108,9.224,8.676,7.934,6.936,6.121,5.501,5.458															0	0,0,0,0,0,0,0,0,0,0,0,0,0,0,0			2021-05-09T07:53:45Z	2021-08-09T04:22:35Z	-125.54942926906	38.3869515377815
gp24-419-20	210331	2021-02-12T20:42:48Z	514		0	15		2,10,20,50,64,98,100,110,128,156,200,300,400,500,514	11.616,11.567,11.493,10.626,10.503,10.718,10.675,10.238,9.058,9.033,8.547,6.911,6.112,5.534,5.466															0	0,0,0,0,0,0,0,0,0,0,0,0,0,0,0			2021-05-09T07:53:45Z	2021-08-09T04:22:35Z	-125.516460804261	38.6066496666737
gp24-419-20	210331	2021-02-13T09:32:48Z	460		0	15		2,10,20,50,72,84,98,100,150,200,262,300,348,400,460	12.219,12.244,12.219,12.194,12.044,10.497,10.077,10.052,9.245,8.531,7.967,7.253,6.546,6.176,5.982															0	0,0,0,0,0,0,0,0,0,0,0,0,0,0,0			2021-05-09T07:53:45Z	2021-08-09T04:22:35Z	-125.781184357165	38.8744824905735
gp24-419-20	210331	2021-02-13T10:33:48Z	630		0	15		2,10,20,50,74,90,98,100,126,200,300,348,400,500,630	12.180,12.208,12.180,12.151,11.925,10.262,10.014,9.986,9.399,8.373,7.262,6.462,6.073,5.684,5.132															0	0,0,0,0,0,0,0,0,0,0,0,0,0,0,0			2021-05-09T07:53:45Z	2021-08-09T04:22:35Z	-125.771203232678	38.8966092971386
gp24-419-20	210331	2021-02-13T14:16:36Z	522		0	15		2,10,20,50,64,78,98,100,200,300,400,442,500,512,522	11.824,11.824,11.824,12.212,11.824,10.510,9.965,9.893,8.500,7.600,6.260,5.819,5.688,5.642,5.688															0	0,0,0,0,0,0,0,0,0,0,0,0,0,0,0			2021-05-09T07:53:45Z	2021-08-09T04:22:35Z	-125.787980949129	38.9436572366836
gp24-419-20	210331	2021-02-13T20:29:36Z	620		0	15		2,10,20,50,56,76,100,116,200,300,328,400,444,500,620	11.790,11.763,11.737,11.657,11.498,9.965,9.547,9.680,8.585,7.311,7.258,6.554,5.930,5.565,5.154															0	0,0,0,0,0,0,0,0,0,0,0,0,0,0,0			2021-05-09T07:53:45Z	2021-08-09T04:22:35Z	-125.912731833096	39.2114939346198
gp24-419-20	210331	2021-02-14T09:15:12Z	368		0	15		2,10,20,30,50,70,86,92,98,100,108,150,200,300,368	12.142,12.142,12.142,12.162,12.062,11.451,10.376,10.706,10.431,10.316,9.960,9.215,8.609,7.844,7.158															0	0,0,0,0,0,0,0,0,0,0,0,0,0,0,0			2021-05-09T07:53:45Z	2021-08-09T04:22:35Z	-126.073684527925	39.5155877737292
gp24-419-20	210331	2021-02-14T14:59:12Z	520		0	15		2,10,20,50,76,80,84,100,122,142,200,300,400,500,520	12.077,12.104,12.131,12.292,12.023,11.446,9.969,9.418,9.499,8.895,8.472,7.337,6.337,5.625,5.578															0	0,0,0,0,0,0,0,0,0,0,0,0,0,0,0			2021-05-09T07:53:45Z	2021-08-09T04:22:35Z	-126.113129696101	39.6416598690596
gp24-419-20	210331	2021-02-14T20:29:24Z	592		0	15		2,10,20,50,60,66,80,98,100,154,200,300,400,500,592	11.788,11.762,11.762,11.630,11.320,10.673,9.690,9.043,9.017,8.291,7.875,6.919,5.909,5.573,5.190															0	0,0,0,0,0,0,0,0,0,0,0,0,0,0,0			2021-05-09T07:53:45Z	2021-08-09T04:22:35Z	-126.101287182752	39.8113456442812
gp24-419-20	210331	2021-02-15T02:24:36Z	504		0	15		2,10,20,50,70,74,94,98,100,132,200,300,400,500,504	12.006,12.006,11.980,11.848,11.433,11.538,9.779,9.574,9.522,9.238,8.098,7.017,6.213,5.436,5.416															0	0,0,0,0,0,0,0,0,0,0,0,0,0,0,0			2021-05-09T07:53:45Z	2021-08-09T04:22:35Z	-126.222924515301	40.0522114073004
gp24-419-20	210331	2021-02-15T08:21:48Z	562		0	14		2,10,20,50,66,78,98,100,200,300,328,400,500,562	11.978,11.950,11.950,11.895,11.674,10.109,9.840,9.784,8.212,6.804,6.377,5.887,5.266,5.080															0	0,0,0,0,0,0,0,0,0,0,0,0,0,0			2021-05-09T07:53:45Z	2021-08-09T04:22:35Z	-126.217606151522	40.1984249048221
gp24-419-20	210331	2021-02-15T20:18:12Z	588		0	15		2,10,20,36,50,74,86,98,100,178,200,300,400,500,588	10.888,10.839,10.741,10.404,9.755,9.253,8.702,8.628,8.604,7.618,7.667,6.515,5.603,5.119,4.764															0	0,0,0,0,0,0,0,0,0,0,0,0,0,0,0			2021-05-09T07:53:45Z	2021-08-09T04:22:35Z	-126.320634055606	40.4910175620109
gp24-419-20	210331	2021-02-16T02:19:24Z	518		0	15		2,10,20,36,50,62,78,98,100,200,234,300,400,500,518	10.748,10.701,10.632,10.335,9.898,9.264,8.734,8.437,8.397,7.233,6.773,6.296,5.632,5.015,4.928															0	0,0,0,0,0,0,0,0,0,0,0,0,0,0,0			2021-05-09T07:53:45Z	2021-08-09T04:22:35Z	-126.341497200417	40.5379150506551
gp24-419-20	210331	2021-02-16T08:23:48Z	480		0	15		2,10,20,34,50,56,64,98,100,150,200,300,400,476,480	10.758,10.758,10.736,10.604,10.001,9.079,8.712,8.300,8.284,7.872,7.483,6.194,5.590,5.272,5.272															0	0,0,0,0,0,0,0,0,0,0,0,0,0,0,0			2021-05-09T07:53:45Z	2021-08-09T04:22:35Z	-126.539903395669	40.8976761781151
gp24-419-20	210331	2021-02-16T11:15:12Z	578		0	15		2,10,20,30,50,58,98,100,162,200,242,300,400,500,578	10.670,10.646,10.623,10.388,9.007,8.754,8.572,8.549,7.485,7.121,6.545,6.151,5.434,5.070,4.794															0	0,0,0,0,0,0,0,0,0,0,0,0,0,0,0			2021-05-09T07:53:45Z	2021-08-09T04:22:35Z	-126.506710393152	40.9765050421209
gp24-419-20	210331	2021-02-16T14:31:24Z	520		0	15		2,10,20,40,50,60,74,98,100,200,300,352,400,500,520	10.696,10.718,10.718,10.629,10.166,9.971,9.011,8.660,8.637,7.327,6.362,5.837,5.553,5.179,5.140															0	0,0,0,0,0,0,0,0,0,0,0,0,0,0,0			2021-05-09T07:53:45Z	2021-08-09T04:22:35Z	-126.486997517646	41.0005269058816
gp24-419-20	210331	2021-02-17T20:20:48Z	606		0	14		2,10,20,50,78,98,100,126,200,256,300,400,500,606	10.906,10.881,10.881,10.856,10.609,9.495,9.278,8.405,7.916,7.409,6.629,5.830,5.050,4.716															0	0,0,0,0,0,0,0,0,0,0,0,0,0,0			2021-05-09T07:53:45Z	2021-08-09T04:22:35Z	-127.02608469051	41.6591840902531
gp24-419-20	210331	2021-02-18T20:19:36Z	578		0	15		2,10,20,50,84,98,100,106,134,200,300,400,500,520,578	11.232,11.180,11.180,11.026,10.672,9.564,9.357,8.778,8.095,7.670,6.149,5.215,4.809,4.790,4.790															0	0,0,0,0,0,0,0,0,0,0,0,0,0,0,0			2021-05-09T07:53:45Z	2021-08-09T04:22:35Z	-127.089102944119	42.2190242167802
gp24-419-20	210331	2021-02-19T03:10:24Z	344		0	15		2,10,20,30,50,60,84,100,108,124,150,200,210,300,344	10.200,10.181,10.142,10.123,10.026,9.896,8.325,8.364,8.402,8.272,7.761,7.192,6.966,5.983,5.380															0	0,0,0,0,0,0,0,0,0,0,0,0,0,0,0			2021-05-09T07:53:45Z	2021-08-09T04:22:35Z	-126.803303130607	42.4078319718294
gp24-419-20	210331	2021-02-19T08:15:24Z	542		0	15		2,10,20,50,80,98,100,132,150,200,300,400,500,540,542	10.274,10.253,10.232,10.007,8.731,8.527,8.506,8.281,7.893,7.318,6.209,5.267,5.204,5.042,5.042															0	0,0,0,0,0,0,0,0,0,0,0,0,0,0,0			2021-05-09T07:53:45Z	2021-08-09T04:22:35Z	-126.675984586453	42.5517608707808
gp24-419-20	210331	2021-02-19T14:00:36Z	758		0	15		2,10,20,42,50,66,100,116,174,200,268,300,500,700,758	10.226,10.226,10.202,10.084,9.853,8.828,8.272,8.319,7.762,7.253,6.507,6.371,5.163,4.440,4.304															0	0,0,0,0,0,0,0,0,0,0,0,0,0,0,0			2021-05-09T07:53:45Z	2021-08-09T04:22:35Z	-126.545332076905	42.7609201316132
gp24-419-20	210331	2021-02-19T20:21:36Z	468		0	15		2,10,20,50,56,62,70,98,100,150,200,272,300,400,468	10.000,9.981,9.981,9.806,9.486,8.933,8.458,8.191,8.172,7.546,6.954,6.081,5.984,5.451,5.150															0	0,0,0,0,0,0,0,0,0,0,0,0,0,0,0			2021-05-09T07:53:45Z	2021-08-09T04:22:35Z	-126.686033602169	42.75141285827
gp24-419-20	210331	2021-02-19T21:58:48Z	692		0	15		2,10,20,42,50,56,72,98,100,200,300,400,500,610,692	10.024,10.001,9.979,9.843,9.378,8.999,8.489,8.178,8.132,6.954,6.155,5.600,4.955,4.490,4.360															0	0,0,0,0,0,0,0,0,0,0,0,0,0,0,0			2021-05-09T07:53:45Z	2021-08-09T04:22:35Z	-126.701929817276	42.8283100483512
gp24-419-20	210331	2021-02-20T02:26:00Z	510		0	15		2,10,20,44,50,58,98,100,144,200,300,400,500,506,510	10.030,10.030,10.010,9.873,9.702,9.012,8.146,8.126,7.647,7.304,6.325,5.576,5.136,5.136,5.136															0	0,0,0,0,0,0,0,0,0,0,0,0,0,0,0			2021-05-09T07:53:45Z	2021-08-09T04:22:35Z	-126.745628060742	43.0396988937216
gp24-419-20	210331	2021-02-20T08:13:24Z	546		0	15		2,10,20,38,50,66,98,100,200,268,300,330,400,500,546	10.094,10.094,10.074,9.953,9.324,8.927,8.554,8.534,7.643,7.090,6.501,5.968,5.671,5.258,5.062															0	0,0,0,0,0,0,0,0,0,0,0,0,0,0,0			2021-05-09T07:53:45Z	2021-08-09T04:22:35Z	-126.900840158705	43.2305161241157
gp24-419-20	210331	2021-02-20T20:28:24Z	622		0	15		2,10,20,50,62,86,100,102,200,256,300,400,430,500,622	9.766,9.747,9.747,9.786,9.322,8.823,8.902,8.902,7.617,7.118,6.947,5.858,5.569,5.320,4.900															0	0,0,0,0,0,0,0,0,0,0,0,0,0,0,0			2021-05-09T07:53:45Z	2021-08-09T04:22:35Z	-126.749339679703	43.6208740989677
gp24-419-20	210331	2021-02-21T02:33:00Z	580		0	15		2,10,20,50,60,74,98,100,200,300,342,400,428,500,580	9.788,9.788,9.788,9.714,9.602,9.040,9.021,9.003,8.366,6.852,6.159,5.816,5.904,5.523,5.142															0	0,0,0,0,0,0,0,0,0,0,0,0,0,0,0			2021-05-09T07:53:45Z	2021-08-09T04:22:35Z	-126.975724077045	43.7752182548047
gp24-419-20	210331	2021-02-21T09:26:48Z	536		0	15		2,10,20,50,58,72,100,106,176,200,286,300,400,500,536	9.946,9.928,9.928,9.946,9.736,8.760,9.036,9.084,8.349,8.226,7.369,6.940,6.270,5.723,5.570															0	0,0,0,0,0,0,0,0,0,0,0,0,0,0,0			2021-05-09T07:53:45Z	2021-08-09T04:22:35Z	-127.117551385515	43.9755028239438
gp24-419-20	210331	2021-02-22T02:31:00Z	502		0	15		2,10,20,50,64,78,98,100,200,228,300,316,400,500,502	9.667,9.667,9.667,9.846,9.757,9.354,9.264,9.211,7.913,7.703,6.652,6.719,5.913,5.403,5.372															0	0,0,0,0,0,0,0,0,0,0,0,0,0,0,0			2021-05-09T07:53:45Z	2021-08-09T04:22:35Z	-127.143962852093	44.4924358477957
gp24-419-20	210331	2021-02-22T08:21:48Z	454		0	15		2,10,20,50,76,92,98,100,150,174,200,300,400,448,454	9.822,9.805,9.805,9.787,9.582,8.364,8.159,8.124,7.867,7.819,7.579,6.466,5.611,5.458,5.458															0	0,0,0,0,0,0,0,0,0,0,0,0,0,0,0			2021-05-09T07:53:45Z	2021-08-09T04:22:35Z	-127.263828172878	44.5279222666946
gp24-419-20	210331	2021-02-22T20:15:12Z	630		0	15		2,10,20,50,82,98,100,168,200,300,352,400,500,628,630	9.392,9.372,9.372,9.294,9.006,8.145,8.106,7.416,7.319,6.189,5.612,5.304,4.883,4.502,4.502															0	0,0,0,0,0,0,0,0,0,0,0,0,0,0,0			2021-05-09T07:53:45Z	2021-08-09T04:22:35Z	-127.107119332939	44.8449852690013
gp24-419-20	210331	2021-02-23T02:07:00Z	686		0	15		2,10,20,50,66,74,78,98,100,160,200,300,400,500,686	9.562,9.562,9.562,9.501,9.319,8.508,8.346,8.068,8.047,7.890,7.475,6.279,5.408,5.008,4.496															0	0,0,0,0,0,0,0,0,0,0,0,0,0,0,0			2021-05-09T07:53:45Z	2021-08-09T04:22:35Z	-126.986161166408	45.1014994213862
gp24-419-20	210331	2021-02-23T08:32:24Z	746		0	14		2,10,20,50,76,100,120,146,200,300,428,500,700,746	9.356,9.356,9.376,9.198,8.887,8.058,7.845,8.171,7.593,6.235,5.248,4.976,4.571,4.438															0	0,0,0,0,0,0,0,0,0,0,0,0,0,0			2021-05-09T07:53:45Z	2021-08-09T04:22:35Z	-127.126816781758	45.1832115084375
gp24-419-20	210331	2021-02-23T15:53:48Z	446		0	15		2,10,20,50,62,100,114,136,150,200,300,382,390,400,446	9.068,9.084,9.084,9.053,8.974,8.127,8.158,7.852,7.926,7.483,6.451,5.650,5.713,5.419,5.160															0	0,0,0,0,0,0,0,0,0,0,0,0,0,0,0			2021-05-09T07:53:45Z	2021-08-09T04:22:35Z	-127.247558870363	45.4456495925115
gp24-419-20	210331	2021-02-23T17:06:00Z	616		0	15		2,10,20,50,78,98,100,200,262,300,400,454,500,608,616	9.072,9.072,9.055,8.987,8.736,8.233,8.135,7.535,6.666,6.449,5.615,5.363,4.827,4.814,4.814															0	0,0,0,0,0,0,0,0,0,0,0,0,0,0,0			2021-05-09T07:53:45Z	2021-08-09T04:22:35Z	-127.246699332222	45.501833793598
gp24-419-20	210331	2021-02-23T23:39:12Z	844		0	15		2,10,20,50,80,100,116,146,200,300,358,414,500,700,844	9.328,9.307,9.307,8.977,8.526,7.723,8.174,7.597,7.372,6.507,6.014,5.993,5.379,4.388,4.084															0	0,0,0,0,0,0,0,0,0,0,0,0,0,0,0			2021-05-09T07:53:45Z	2021-08-09T04:22:35Z	-127.408997235664	45.5675450097895
gp24-419-20	210331	2021-02-24T02:15:24Z	494		0	15		2,10,20,50,76,98,100,118,150,168,200,300,400,480,494	9.332,9.316,9.300,8.910,8.692,8.067,8.035,7.645,7.741,7.956,7.661,6.412,5.772,5.585,5.354															0	0,0,0,0,0,0,0,0,0,0,0,0,0,0,0			2021-05-09T07:53:45Z	2021-08-09T04:22:35Z	-127.453751928558	45.5921614876017
gp24-419-20	210331	2021-02-24T15:18:00Z	496		0	15		2,10,20,50,84,98,100,120,150,174,200,300,400,494,496	9.304,9.304,9.289,9.274,8.677,8.050,7.989,7.647,7.708,7.932,7.738,6.754,5.903,5.504,5.504															0	0,0,0,0,0,0,0,0,0,0,0,0,0,0,0			2021-05-09T07:53:45Z	2021-08-09T04:22:35Z	-127.712155299166	45.9766652322891
gp24-419-20	210331	2021-02-25T15:07:00Z	278		0	15		2,10,20,30,50,66,75,86,100,120,140,150,156,200,278	9.108,9.097,9.097,9.085,9.074,9.017,8.470,7.811,7.620,7.318,7.609,7.464,7.697,7.207,6.258															0	0,0,0,0,0,0,0,0,0,0,0,0,0,0,0			2021-05-09T07:53:45Z	2021-08-09T04:22:35Z	-128.194033751351	46.5987821675676
gp24-419-20	210331	2021-02-25T15:37:36Z	406		0	15		2,10,20,50,74,86,100,124,142,150,200,300,386,400,406	9.002,9.016,9.002,8.974,8.794,7.879,7.671,7.283,7.435,7.713,7.297,5.998,5.486,5.497,5.497															0	0,0,0,0,0,0,0,0,0,0,0,0,0,0,0			2021-05-09T07:53:45Z	2021-08-09T04:22:35Z	-128.197834767568	46.5955021783782
gp24-419-20	210331	2021-02-25T16:09:00Z	576		0	14		2,10,20,50,74,98,100,128,158,200,300,400,500,576	8.994,8.977,8.977,8.960,8.763,7.707,7.656,7.261,7.673,7.244,6.041,5.381,5.015,4.788															0	0,0,0,0,0,0,0,0,0,0,0,0,0,0			2021-05-09T07:53:45Z	2021-08-09T04:22:35Z	-128.204761227251	46.598463633415
gp24-419-20	210331	2021-02-26T08:29:24Z	494		0	15		2,10,20,50,76,86,98,100,150,200,300,326,364,400,494	9.384,9.402,9.402,9.384,9.207,8.292,8.013,8.013,7.492,6.939,5.931,5.794,5.378,5.272,4.980															0	0,0,0,0,0,0,0,0,0,0,0,0,0,0,0			2021-05-09T07:53:45Z	2021-08-09T04:22:35Z	-128.793563493814	46.9076100642923
gp24-419-20	210331	2021-02-26T14:55:36Z	590		0	15		2,10,20,50,78,96,100,102,114,200,244,300,400,500,590	8.946,8.946,8.946,8.929,8.862,8.087,8.201,8.235,7.822,7.211,6.517,5.991,5.363,4.867,4.736															0	0,0,0,0,0,0,0,0,0,0,0,0,0,0,0			2021-05-09T07:53:45Z	2021-08-09T04:22:35Z	-129.151807794912	47.066209200558
gp24-419-20	210331	2021-02-27T02:09:24Z	504		0	15		2,10,20,50,76,90,98,100,110,200,300,400,500,502,504	8.410,8.410,8.424,8.395,8.308,7.926,7.940,7.940,7.373,6.921,6.098,5.036,4.812,4.812,4.812															0	0,0,0,0,0,0,0,0,0,0,0,0,0,0,0			2021-05-09T07:53:45Z	2021-08-09T04:22:35Z	-128.901428615809	47.3480226466025
gp24-419-20	210331	2021-02-27T08:27:24Z	520		0	14		2,10,20,50,98,100,120,162,200,300,400,466,500,520	8.432,8.417,8.417,8.417,8.327,8.296,7.589,7.529,7.130,6.053,5.255,4.785,4.740,4.679															0	0,0,0,0,0,0,0,0,0,0,0,0,0,0			2021-05-09T07:53:45Z	2021-08-09T04:22:35Z	-129.051563256273	47.4785427953799
gp24-419-20	210331	2021-02-27T11:01:36Z	696		0	15		2,10,20,50,98,100,104,122,180,200,300,400,420,500,696	8.730,8.713,8.713,8.696,8.442,8.356,8.102,7.750,7.548,7.294,6.117,5.356,5.085,4.819,4.432															0	0,0,0,0,0,0,0,0,0,0,0,0,0,0,0			2021-05-09T07:53:45Z	2021-08-09T04:22:35Z	-129.151198170678	47.5228178838782
gp24-419-20	210331	2021-02-27T15:32:12Z	576		0	15		2,10,20,50,98,100,108,130,168,200,300,346,400,500,576	8.510,8.510,8.510,8.494,8.317,8.208,7.733,7.354,7.435,7.149,5.980,5.445,5.082,4.655,4.482															0	0,0,0,0,0,0,0,0,0,0,0,0,0,0,0			2021-05-09T07:53:45Z	2021-08-09T04:22:35Z	-129.321006361467	47.5975929975257
gp24-419-20	210331	2021-02-27T20:15:24Z	590		0	15		2,10,20,50,86,98,100,120,164,192,200,300,400,500,590	8.704,8.687,8.687,8.670,8.619,8.367,8.235,7.599,7.347,7.330,7.180,5.972,5.136,4.568,4.436															0	0,0,0,0,0,0,0,0,0,0,0,0,0,0,0			2021-05-09T07:53:45Z	2021-08-09T04:22:35Z	-129.463266984784	47.7109790005801
gp24-419-20	210331	2021-02-28T02:22:36Z	558		0	15		2,10,20,50,98,100,122,142,162,200,300,356,400,500,558	8.712,8.712,8.712,8.696,8.663,8.646,7.594,7.207,7.401,7.240,5.912,5.475,5.363,4.844,4.588															0	0,0,0,0,0,0,0,0,0,0,0,0,0,0,0			2021-05-09T07:53:45Z	2021-08-09T04:22:35Z	-129.530599487964	47.7426917956661
gp24-419-20	210331	2021-02-28T15:29:24Z	388		0	15		2,10,20,30,50,84,98,100,110,132,150,200,220,300,388	8.645,8.660,8.660,8.660,8.645,8.631,8.385,8.242,7.725,7.262,7.134,6.643,6.327,5.608,4.992															0	0,0,0,0,0,0,0,0,0,0,0,0,0,0,0			2021-05-09T07:53:45Z	2021-08-09T04:22:35Z	-129.787496025522	48.0381574537696
gp24-419-20	210331	2021-02-28T16:49:12Z	470		0	15		2,10,20,50,88,94,98,100,150,200,228,300,400,468,470	8.602,8.602,8.602,8.570,8.475,8.368,8.102,7.994,6.902,6.731,6.076,5.516,4.892,4.630,4.630															0	0,0,0,0,0,0,0,0,0,0,0,0,0,0,0			2021-05-09T07:53:45Z	2021-08-09T04:22:35Z	-129.810251871239	48.067268163351
gp24-419-20	210331	2021-02-28T17:22:24Z	604		0	15		2,10,20,50,98,100,112,122,174,200,266,300,400,500,604	8.582,8.582,8.582,8.565,8.329,8.277,7.603,7.367,6.848,6.324,5.651,5.569,4.977,4.492,4.290															0	0,0,0,0,0,0,0,0,0,0,0,0,0,0,0			2021-05-09T07:53:45Z	2021-08-09T04:22:35Z	-129.806798144277	48.0752705888347
gp24-419-20	210331	2021-02-28T20:26:48Z	606		0	15		2,10,20,50,98,100,110,128,162,200,300,400,500,604,606	8.688,8.670,8.670,8.653,8.617,8.600,8.463,7.492,6.870,6.575,5.379,5.088,4.483,4.276,4.276															0	0,0,0,0,0,0,0,0,0,0,0,0,0,0,0			2021-05-09T07:53:45Z	2021-08-09T04:22:35Z	-129.911750120368	48.2371858847771
gp24-419-20	210331	2021-03-01T02:07:24Z	518		0	15		2,10,20,50,98,100,114,130,158,200,300,382,400,500,518	8.540,8.540,8.540,8.506,8.371,8.354,8.206,7.446,6.732,6.137,5.326,4.760,4.743,4.362,4.316															0	0,0,0,0,0,0,0,0,0,0,0,0,0,0,0			2021-05-09T07:53:45Z	2021-08-09T04:22:35Z	-130.251720253367	48.3297391861631
gp24-419-20	210331	2021-03-02T02:24:12Z	578		0	15		2,10,20,50,98,100,106,120,144,200,244,300,400,500,578	8.465,8.482,8.448,8.432,8.365,8.365,8.201,7.442,6.867,6.192,5.915,5.290,4.649,4.401,4.288															0	0,0,0,0,0,0,0,0,0,0,0,0,0,0,0			2021-05-09T07:53:45Z	2021-08-09T04:22:35Z	-130.67979480837	48.8066499303376
gp24-419-20	210331	2021-03-02T05:37:48Z	720		0	15		2,10,20,50,90,98,100,136,200,242,300,500,700,718,720	8.482,8.500,8.482,8.482,8.357,7.918,7.846,6.776,6.091,5.459,5.056,4.461,4.053,4.022,4.022															0	0,0,0,0,0,0,0,0,0,0,0,0,0,0,0			2021-05-09T07:53:45Z	2021-08-09T04:22:35Z	-130.798744746285	48.8434593101075
gp24-419-20	210331	2021-03-02T08:27:24Z	518		0	15		2,10,20,50,98,100,106,120,134,200,222,300,400,500,518	8.570,8.570,8.554,8.554,8.472,8.456,8.296,7.480,7.047,6.214,5.830,5.107,4.756,4.531,4.486															0	0,0,0,0,0,0,0,0,0,0,0,0,0,0,0			2021-05-09T07:53:45Z	2021-08-09T04:22:35Z	-130.850949481723	48.8971915638803
gp24-419-20	210331	2021-03-02T15:20:48Z	664		0	15		2,10,20,50,100,102,118,126,176,200,300,400,500,626,664	8.246,8.246,8.246,8.214,8.068,8.068,7.182,6.928,6.038,5.848,4.930,4.582,4.327,4.202,4.202															0	0,0,0,0,0,0,0,0,0,0,0,0,0,0,0			2021-05-09T07:53:45Z	2021-08-09T04:22:35Z	-131.066734761961	49.0939536341043
gp24-419-20	210331	2021-03-03T02:29:12Z	552		0	14		2,10,20,50,98,100,116,146,200,270,300,400,500,552	8.190,8.190,8.175,8.144,8.113,8.113,8.021,6.593,6.109,5.898,5.252,4.949,4.530,4.350															0	0,0,0,0,0,0,0,0,0,0,0,0,0,0			2021-05-09T07:53:45Z	2021-08-09T04:22:35Z	-131.318211197748	49.3283695824258
gp24-419-20	210331	2021-03-03T08:31:24Z	654		0	15		2,10,20,50,98,100,114,128,200,252,300,354,400,500,654	8.242,8.258,8.258,8.226,8.114,8.114,7.911,7.064,6.050,5.456,5.408,5.188,4.685,4.717,4.266															0	0,0,0,0,0,0,0,0,0,0,0,0,0,0,0			2021-05-09T07:53:45Z	2021-08-09T04:22:35Z	-131.393555611748	49.4432153771778
gp24-419-20	210331	2021-03-03T08:57:12Z	854		0	15		2,10,20,50,98,100,156,200,248,300,394,432,500,700,854	8.218,8.236,8.236,8.182,8.075,8.075,6.496,6.021,5.391,5.355,4.831,4.970,4.688,4.093,3.762															0	0,0,0,0,0,0,0,0,0,0,0,0,0,0,0			2021-05-09T07:53:45Z	2021-08-09T04:22:35Z	-131.408915671442	49.4583167375984
gp24-419-20	210331	2021-03-04T02:16:12Z	558		0	15		2,10,20,50,98,100,118,130,152,200,300,400,500,556,558	7.622,7.636,7.622,7.581,7.498,7.484,7.038,6.467,6.142,5.872,5.032,4.541,4.299,4.178,4.178															0	0,0,0,0,0,0,0,0,0,0,0,0,0,0,0			2021-05-09T07:53:45Z	2021-08-09T04:22:35Z	-131.701330821053	49.7782716578905
gp24-419-20	210331	2021-03-04T04:06:48Z	724		0	15		2,10,20,50,98,100,106,128,138,200,268,300,500,700,724	7.354,7.354,7.368,7.354,7.325,7.325,7.268,6.430,6.205,5.659,4.974,4.806,4.289,3.825,3.800															0	0,0,0,0,0,0,0,0,0,0,0,0,0,0,0			2021-05-09T07:53:45Z	2021-08-09T04:22:35Z	-131.926425021121	49.8288680588987
gp24-419-20	210331	2021-03-04T08:47:12Z	570		0	15		2,10,20,50,90,94,98,100,110,120,200,300,400,500,570	7.531,7.544,7.544,7.531,7.464,7.375,7.099,7.022,6.564,6.345,5.770,5.079,4.727,4.365,4.222															0	0,0,0,0,0,0,0,0,0,0,0,0,0,0,0			2021-05-09T07:53:45Z	2021-08-09T04:22:35Z	-132.009737240099	49.9122955087535
gp24-419-20	210331	2021-03-04T14:56:36Z	496		0	15		2,10,20,50,88,98,100,114,150,200,216,278,300,400,496	7.521,7.534,7.534,7.521,7.471,7.272,7.199,6.530,6.246,5.823,5.565,5.069,4.971,4.612,4.378															0	0,0,0,0,0,0,0,0,0,0,0,0,0,0,0			2021-05-09T07:53:45Z	2021-08-09T04:22:35Z	-131.974101049985	50.0120804592338
gp24-419-20	210331	2021-03-04T20:07:00Z	684		0	15		2,10,20,50,98,100,112,120,134,200,264,300,400,500,684	7.410,7.396,7.396,7.382,7.297,7.283,7.146,6.731,6.359,5.532,4.980,4.857,4.499,4.263,3.894															0	0,0,0,0,0,0,0,0,0,0,0,0,0,0,0			2021-05-09T07:53:45Z	2021-08-09T04:22:35Z	-132.123872877384	49.9174634195615
gp24-419-20	210331	2021-03-05T02:24:00Z	608		0	15		2,10,20,50,82,86,92,98,100,200,300,326,400,500,608	7.316,7.303,7.303,7.291,7.214,7.065,6.703,6.519,6.455,5.445,4.874,4.712,4.499,4.324,4.140															0	0,0,0,0,0,0,0,0,0,0,0,0,0,0,0			2021-05-09T07:53:45Z	2021-08-09T04:22:35Z	-131.987158547918	50.0965830612022
gp24-419-20	210331	2021-03-05T08:39:36Z	596		0	15		2,10,20,50,98,100,108,118,128,200,258,300,400,500,596	7.321,7.334,7.334,7.321,7.283,7.271,7.160,6.651,6.478,5.820,5.286,5.027,4.705,4.484,4.174															0	0,0,0,0,0,0,0,0,0,0,0,0,0,0,0			2021-05-09T07:53:45Z	2021-08-09T04:22:35Z	-132.125286351874	50.2744111409396
gp24-419-20	210331	2021-03-05T17:55:12Z	686		0	15		2,10,20,50,98,100,106,114,124,200,234,300,400,500,686	7.338,7.338,7.338,7.324,7.270,7.257,7.139,6.672,6.476,5.732,5.334,4.952,4.607,4.299,3.958															0	0,0,0,0,0,0,0,0,0,0,0,0,0,0,0			2021-05-09T07:53:45Z	2021-08-09T04:22:35Z	-132.235450898754	50.4681794114465
gp24-419-20	210331	2021-03-06T02:10:00Z	544		0	15		2,10,20,50,98,100,110,114,118,200,252,300,400,500,544	7.628,7.642,7.642,7.615,7.547,7.520,7.283,6.910,6.710,5.754,5.313,5.049,4.622,4.371,4.252															0	0,0,0,0,0,0,0,0,0,0,0,0,0,0,0			2021-05-09T07:53:45Z	2021-08-09T04:22:35Z	-131.982279756401	50.675465877582
gp24-419-20	210331	2021-03-06T08:19:48Z	480		0	15		2,10,20,50,78,98,100,122,150,158,168,200,300,400,480	7.652,7.665,7.728,7.703,7.576,6.871,6.845,6.560,6.424,6.348,6.659,5.940,5.206,4.760,4.564															0	0,0,0,0,0,0,0,0,0,0,0,0,0,0,0			2021-05-09T07:53:45Z	2021-08-09T04:22:35Z	-131.691200293972	50.6072982492546
gp24-419-20	210331	2021-03-06T15:10:36Z	426		0	15		2,10,20,50,98,100,124,150,174,184,200,238,300,400,426	7.692,7.713,7.692,7.766,7.514,7.454,6.956,6.945,7.091,6.757,6.675,6.498,5.812,5.232,5.118															0	0,0,0,0,0,0,0,0,0,0,0,0,0,0,0			2021-05-09T07:53:45Z	2021-08-09T04:22:35Z	-131.542743467171	50.6992829133683
gp24-419-20	210331	2021-03-06T23:24:48Z	582		0	15		2,10,20,50,90,98,100,138,166,200,300,330,400,500,582	7.500,7.500,7.500,7.500,7.820,7.704,7.678,7.335,7.235,6.818,5.690,5.448,5.209,4.853,4.588															0	0,0,0,0,0,0,0,0,0,0,0,0,0,0,0			2021-05-09T07:53:45Z	2021-08-09T04:22:35Z	-131.332711222875	50.7473031838504
gp24-419-20	210331	2021-03-07T08:19:48Z	518		0	15		2,10,20,50,98,100,116,160,200,300,378,400,500,512,518	7.689,7.689,7.689,7.750,7.890,7.865,7.514,7.463,7.151,6.364,5.389,4.940,4.765,4.704,4.714															0	0,0,0,0,0,0,0,0,0,0,0,0,0,0,0			2021-05-09T07:53:45Z	2021-08-09T04:22:35Z	-130.957056551382	50.8059527407307
gp24-419-20	210331	2021-03-07T10:03:24Z	634		0	15		2,10,20,50,98,100,122,146,200,258,300,400,432,500,634	7.541,7.541,7.541,7.583,7.934,7.920,7.338,7.555,7.217,6.418,6.311,5.391,4.864,4.798,4.488															0	0,0,0,0,0,0,0,0,0,0,0,0,0,0,0			2021-05-09T07:53:45Z	2021-08-09T04:22:35Z	-130.908524292108	50.8198408113284
gp24-419-20	210331	2021-03-07T14:09:00Z	468		0	15		2,10,20,50,74,90,98,100,150,200,242,300,342,400,468	7.617,7.627,7.627,7.638,7.703,7.998,7.880,7.850,7.595,7.292,7.195,6.668,6.174,5.731,5.312															0	0,0,0,0,0,0,0,0,0,0,0,0,0,0,0			2021-05-09T07:53:45Z	2021-08-09T04:22:35Z	-130.826234784357	50.888899474387
gp24-419-20	210331	2021-03-07T17:22:00Z	582		0	15		2,10,20,50,74,86,98,100,200,300,400,466,500,580,582	7.616,7.604,7.604,7.616,7.692,8.012,7.899,7.886,7.443,6.865,6.026,5.360,5.275,4.870,4.870															0	0,0,0,0,0,0,0,0,0,0,0,0,0,0,0			2021-05-09T07:53:45Z	2021-08-09T04:22:35Z	-130.783100878066	50.932709713333
gp24-419-20	210331	2021-03-07T20:09:00Z	478		0	15		2,10,20,50,72,88,98,100,150,200,300,334,354,400,478	7.635,7.635,7.635,7.635,7.690,7.973,7.984,7.962,7.710,7.364,6.876,6.624,6.222,5.657,5.214															0	0,0,0,0,0,0,0,0,0,0,0,0,0,0,0			2021-05-09T07:53:45Z	2021-08-09T04:22:35Z	-130.686622056698	51.0665036069323
gp24-419-20	210331	2021-03-07T20:38:12Z	818		0	15		2,10,20,50,74,98,100,200,276,300,388,500,700,778,818	7.619,7.619,7.619,7.619,7.682,7.958,7.927,7.331,7.023,6.657,5.664,5.084,4.352,4.064,4.091															0	0,0,0,0,0,0,0,0,0,0,0,0,0,0,0			2021-05-09T07:53:45Z	2021-08-09T04:22:35Z	-130.664736963771	51.1058646221169
gp24-419-20	210331	2021-03-08T08:39:48Z	662		0	15		2,10,20,50,100,104,144,200,226,236,262,300,400,500,662	7.553,7.567,7.553,7.581,7.876,7.904,7.180,6.970,6.161,6.413,5.717,5.703,5.284,4.755,4.354															0	0,0,0,0,0,0,0,0,0,0,0,0,0,0,0			2021-05-09T07:53:45Z	2021-08-09T04:22:35Z	-130.388818248324	51.1781640365984
gp24-419-20	210331	2021-03-08T14:45:36Z	456		0	15		2,10,20,50,84,98,100,124,150,162,200,278,300,400,456	7.444,7.444,7.434,7.444,7.366,7.536,7.495,7.475,7.226,7.066,6.817,5.909,5.840,5.131,4.994															0	0,0,0,0,0,0,0,0,0,0,0,0,0,0,0			2021-05-09T07:53:45Z	2021-08-09T04:22:35Z	-130.311728352548	51.3585286900944
gp24-419-20	210331	2021-03-09T00:04:24Z	782		0	15		2,10,20,50,98,100,134,200,226,300,332,426,500,700,782	7.552,7.552,7.523,7.509,7.682,7.668,7.087,6.579,6.434,5.432,5.093,4.740,4.952,4.217,4.076															0	0,0,0,0,0,0,0,0,0,0,0,0,0,0,0			2021-05-09T07:53:45Z	2021-08-09T04:22:35Z	-130.308984840578	51.4439111907455
gp24-419-20	210331	2021-03-09T08:29:24Z	506		0	15		2,10,20,50,90,98,100,116,160,200,300,400,454,500,506	7.557,7.557,7.568,7.602,7.591,7.305,7.174,6.941,7.216,6.644,5.779,4.833,5.009,4.822,4.802															0	0,0,0,0,0,0,0,0,0,0,0,0,0,0,0			2021-05-09T07:53:45Z	2021-08-09T04:22:35Z	-130.856738927611	51.4611451719544
gp24-419-20	210331	2021-03-09T14:07:12Z	462		0	15		2,10,20,50,98,100,150,200,266,300,400,416,438,458,462	7.529,7.529,7.529,7.540,7.656,7.635,7.146,6.671,6.040,5.885,5.346,5.108,5.169,5.016,5.024															0	0,0,0,0,0,0,0,0,0,0,0,0,0,0,0			2021-05-09T07:53:45Z	2021-08-09T04:22:35Z	-130.975679903346	51.4419373870821
gp24-419-20	210331	2021-03-09T21:27:12Z	760		0	15		2,10,20,50,66,98,100,200,260,300,342,500,700,754,760	7.330,7.315,7.300,7.286,7.592,7.459,7.459,6.751,5.577,5.275,4.943,4.478,3.957,3.902,3.902															0	0,0,0,0,0,0,0,0,0,0,0,0,0,0,0			2021-05-09T07:53:45Z	2021-08-09T04:22:35Z	-130.982271748585	51.3920659131784
gp24-419-20	210331	2021-03-10T02:43:00Z	614		0	15		2,10,20,50,98,100,134,166,200,258,300,400,500,612,614	7.480,7.480,7.458,7.285,7.632,7.607,6.925,6.963,6.640,5.920,5.699,5.216,4.746,4.474,4.474															0	0,0,0,0,0,0,0,0,0,0,0,0,0,0,0			2021-05-09T07:53:45Z	2021-08-09T04:22:35Z	-131.242436741675	51.415712160216
gp24-419-20	210331	2021-03-10T08:27:48Z	504		0	15		2,10,20,50,100,110,178,190,200,228,246,300,400,500,504	7.459,7.470,7.459,7.459,7.306,7.448,6.792,6.914,6.762,6.303,6.337,5.834,5.192,4.692,4.692															0	0,0,0,0,0,0,0,0,0,0,0,0,0,0,0			2021-05-09T07:53:45Z	2021-08-09T04:22:35Z	-131.56816577282	51.3101801709383
gp24-419-20	210331	2021-03-10T14:18:24Z	524		0	14		2,10,20,50,98,100,130,200,232,278,300,400,500,524	7.492,7.492,7.480,7.455,7.358,7.324,6.459,6.040,5.967,5.322,5.454,4.723,4.470,4.436															0	0,0,0,0,0,0,0,0,0,0,0,0,0,0			2021-05-09T07:53:45Z	2021-08-09T04:22:35Z	-131.709775972775	51.352074747676
gp24-419-20	210331	2021-03-10T16:33:24Z	632		0	15		2,10,20,50,78,98,100,122,200,246,300,400,500,600,632	7.454,7.454,7.441,7.428,7.480,7.301,7.275,6.574,5.911,5.671,5.057,4.690,4.420,4.232,4.320															0	0,0,0,0,0,0,0,0,0,0,0,0,0,0,0			2021-05-09T07:53:45Z	2021-08-09T04:22:35Z	-131.759203283811	51.2999427878746
gp24-419-20	210331	2021-03-11T02:17:48Z	584		0	15		2,10,20,50,98,100,106,124,148,200,300,400,500,562,584	7.355,7.368,7.368,7.406,7.368,7.343,7.220,6.500,6.190,5.830,5.126,4.681,4.444,4.396,4.248															0	0,0,0,0,0,0,0,0,0,0,0,0,0,0,0			2021-05-09T07:53:45Z	2021-08-09T04:22:35Z	-132.088711595876	51.3611357484698
gp24-419-20	210331	2021-03-11T08:28:12Z	480		0	15		2,10,20,50,86,98,100,118,150,200,252,300,400,476,480	7.358,7.358,7.358,7.358,7.440,7.119,7.003,6.502,6.295,5.942,5.438,5.199,4.788,4.526,4.526															0	0,0,0,0,0,0,0,0,0,0,0,0,0,0,0			2021-05-09T07:53:45Z	2021-08-09T04:22:35Z	-132.646496066643	51.2907013249359
gp24-419-20	210331	2021-03-11T08:48:24Z	586		0	15		2,10,20,50,86,92,98,100,130,200,260,300,400,500,586	7.365,7.377,7.377,7.365,7.452,7.365,7.071,6.962,6.421,5.931,5.331,5.134,4.815,4.522,4.328															0	0,0,0,0,0,0,0,0,0,0,0,0,0,0,0			2021-05-09T07:53:45Z	2021-08-09T04:22:35Z	-132.647324922506	51.2912368549635
gp24-419-20	210331	2021-03-11T15:24:36Z	470		0	15		2,10,20,50,84,98,100,118,150,200,300,358,400,436,470	7.314,7.314,7.314,7.303,7.293,7.145,7.124,6.576,6.230,5.850,5.136,4.852,4.788,4.766,4.632															0	0,0,0,0,0,0,0,0,0,0,0,0,0,0,0			2021-05-09T07:53:45Z	2021-08-09T04:22:35Z	-132.558895163293	51.3360759275115
gp24-419-20	210331	2021-03-12T02:07:12Z	718		0	15		2,10,20,50,98,100,112,130,174,200,300,396,500,700,718	7.269,7.282,7.269,7.230,7.040,7.001,6.698,6.481,6.230,5.965,5.332,4.800,4.535,4.064,4.054															0	0,0,0,0,0,0,0,0,0,0,0,0,0,0,0			2021-05-09T07:53:45Z	2021-08-09T04:22:35Z	-133.002487134421	51.4015844945384
gp24-419-20	210331	2021-03-12T08:23:12Z	538		0	15		2,10,20,50,98,100,120,154,174,200,232,300,400,500,538	7.372,7.372,7.384,7.252,7.159,7.042,6.582,6.264,6.264,5.958,5.640,5.298,4.685,4.427,4.382															0	0,0,0,0,0,0,0,0,0,0,0,0,0,0,0			2021-05-09T07:53:45Z	2021-08-09T04:22:35Z	-133.268261996138	51.4202188549614
gp24-419-20	210331	2021-03-12T14:07:36Z	466		0	15		2,10,20,50,72,82,98,100,118,128,150,200,300,400,466	7.276,7.265,7.232,7.221,7.243,7.003,6.755,6.725,6.563,6.378,6.282,5.860,5.180,4.682,4.522															0	0,0,0,0,0,0,0,0,0,0,0,0,0,0,0			2021-05-09T07:53:45Z	2021-08-09T04:22:35Z	-133.462740419988	51.489041539909
gp24-419-20	210331	2021-03-12T20:19:00Z	532		0	15		2,10,20,50,98,100,120,160,200,300,356,400,500,530,532	7.236,7.213,7.132,6.917,6.870,6.859,6.528,6.075,5.733,5.060,4.798,4.697,4.447,4.334,4.334															0	0,0,0,0,0,0,0,0,0,0,0,0,0,0,0			2021-05-09T07:53:45Z	2021-08-09T04:22:35Z	-133.7576004842	51.5351385658784
gp24-419-20	210331	2021-03-12T21:59:12Z	742		0	15		2,10,20,50,86,98,100,112,200,300,366,500,644,700,742	7.068,7.043,7.043,7.043,7.005,6.782,6.722,6.449,5.698,4.935,4.690,4.454,3.998,4.023,3.926															0	0,0,0,0,0,0,0,0,0,0,0,0,0,0,0			2021-05-09T07:53:45Z	2021-08-09T04:22:35Z	-133.852496343192	51.5386544406694
gp24-419-20	210331	2021-03-13T05:49:00Z	806		0	15		2,10,20,50,84,98,100,120,180,200,256,300,500,700,806	7.013,7.013,7.013,7.064,7.166,7.064,7.038,6.687,6.263,6.014,5.526,5.287,4.636,4.136,3.976															0	0,0,0,0,0,0,0,0,0,0,0,0,0,0,0			2021-05-09T07:53:45Z	2021-08-09T04:22:35Z	-134.178256233233	51.5426510133843
gp24-419-20	210331	2021-03-13T14:13:24Z	528		0	15		2,10,20,50,88,100,108,160,200,218,300,400,436,500,528	6.860,6.860,6.860,6.870,6.870,6.956,7.026,6.450,6.236,5.983,5.359,4.939,4.756,4.609,4.542															0	0,0,0,0,0,0,0,0,0,0,0,0,0,0,0			2021-05-09T07:53:45Z	2021-08-09T04:22:35Z	-134.412768690801	51.674230410497
gp24-419-20	210331	2021-03-13T20:16:24Z	600		0	15		2,10,20,50,88,100,104,126,186,200,300,330,400,500,600	6.904,6.904,6.904,6.925,6.893,7.050,7.082,6.704,6.307,6.296,5.534,5.241,4.969,4.626,4.418															0	0,0,0,0,0,0,0,0,0,0,0,0,0,0,0			2021-05-09T07:53:45Z	2021-08-09T04:22:35Z	-134.473031644221	51.7404507516204
gp24-419-20	210331	2021-03-14T02:04:12Z	706		0	15		2,10,20,50,74,100,106,138,200,230,300,390,500,700,706	6.823,6.823,6.823,6.799,6.823,7.010,7.058,6.507,5.911,5.620,5.200,4.732,4.476,4.080,4.080															0	0,0,0,0,0,0,0,0,0,0,0,0,0,0,0			2021-05-09T07:53:45Z	2021-08-09T04:22:35Z	-134.880867011675	51.796295402191
gp24-419-20	210331	2021-03-14T10:24:24Z	608		0	15		2,10,20,50,78,92,98,100,120,200,256,300,400,500,608	6.916,6.905,6.905,6.905,6.928,7.130,7.050,6.973,6.526,5.853,5.329,5.084,4.693,4.457,4.280															0	0,0,0,0,0,0,0,0,0,0,0,0,0,0,0			2021-05-09T07:53:45Z	2021-08-09T04:22:35Z	-135.302816956101	51.7985411342986
gp24-419-20	210331	2021-03-14T20:17:48Z	592		0	15		2,10,20,50,98,100,110,122,168,200,222,300,400,500,592	6.697,6.697,6.687,6.718,6.862,6.852,6.595,6.409,6.121,5.710,5.474,5.074,4.603,4.396,4.244															0	0,0,0,0,0,0,0,0,0,0,0,0,0,0,0			2021-05-09T07:53:45Z	2021-08-09T04:22:35Z	-135.566156539116	51.7224495615999
gp24-419-20	210331	2021-03-15T09:16:48Z	660		0	14		2,10,20,50,100,122,200,246,300,400,500,622,648,660	6.513,6.513,6.503,6.430,6.470,6.716,5.973,5.454,5.200,4.776,4.479,4.119,4.192,4.014															0	0,0,0,0,0,0,0,0,0,0,0,0,0,0			2021-05-09T07:53:45Z	2021-08-09T04:22:35Z	-135.898056074161	51.762597642962
gp24-419-20	210331	2021-03-15T11:03:36Z	854		0	15		2,10,20,50,100,110,200,300,356,500,584,622,700,852,854	6.555,6.555,6.517,6.430,6.505,6.714,5.951,5.179,4.848,4.457,4.163,4.285,4.063,3.588,3.588															0	0,0,0,0,0,0,0,0,0,0,0,0,0,0,0			2021-05-09T07:53:45Z	2021-08-09T04:22:35Z	-135.945811491551	51.7623854357994
gp24-419-20	210331	2021-03-15T17:02:36Z	750		0	15		2,10,20,50,100,104,124,128,200,260,276,300,500,700,750	6.471,6.471,6.461,6.461,6.493,6.504,6.290,6.098,5.526,4.867,4.995,4.878,4.198,3.929,3.794															0	0,0,0,0,0,0,0,0,0,0,0,0,0,0,0			2021-05-09T07:53:45Z	2021-08-09T04:22:35Z	-136.196710870235	51.7950135245785
gp24-419-20	210331	2021-03-15T20:24:24Z	554		0	15		2,10,20,50,98,100,122,150,200,254,300,400,500,530,554	6.110,6.094,6.094,6.086,6.102,6.070,5.504,5.709,5.219,4.694,4.559,4.403,4.118,4.104,4.174															0	0,0,0,0,0,0,0,0,0,0,0,0,0,0,0			2021-05-09T07:53:45Z	2021-08-09T04:22:35Z	-136.163032111957	51.7423270631091
gp24-419-20	210331	2021-03-16T09:07:36Z	368		0	15		2,10,20,30,50,100,116,126,132,150,172,200,300,340,368	6.173,6.179,6.173,6.179,6.184,6.198,6.264,6.166,5.865,5.722,5.573,5.077,4.634,4.712,4.602															0	0,0,0,0,0,0,0,0,0,0,0,0,0,0,0			2021-05-09T07:53:45Z	2021-08-09T04:22:35Z	-136.553709439093	51.6157644874069
gp24-419-20	210331	2021-03-16T09:30:36Z	464		0	15		2,10,20,50,100,114,128,150,174,200,222,258,300,400,464	6.218,6.211,6.211,6.218,6.226,6.288,6.218,5.764,5.598,5.195,4.983,5.029,4.679,4.580,4.354															0	0,0,0,0,0,0,0,0,0,0,0,0,0,0,0			2021-05-09T07:53:45Z	2021-08-09T04:22:35Z	-136.558441915326	51.620082287977
gp24-419-20	210331	2021-03-16T14:35:48Z	452		0	15		2,10,20,50,80,100,110,118,120,150,200,268,300,400,452	6.136,6.136,6.136,6.162,6.227,5.945,5.945,6.504,6.546,6.370,5.962,5.163,4.995,4.687,4.422															0	0,0,0,0,0,0,0,0,0,0,0,0,0,0,0			2021-05-09T07:53:45Z	2021-08-09T04:22:35Z	-136.669166666667	51.5580527378696
gp24-419-20	210331	2021-03-16T20:31:48Z	636		0	15		2,10,20,50,100,110,116,124,136,200,300,328,400,500,636	6.147,6.147,6.147,6.147,6.204,6.350,6.360,6.576,6.516,5.707,5.087,4.921,4.697,4.414,4.094															0	0,0,0,0,0,0,0,0,0,0,0,0,0,0,0			2021-05-09T07:53:45Z	2021-08-09T04:22:35Z	-137.009268221782	51.4887360962087
gp24-419-20	210331	2021-03-16T20:59:00Z	688		0	15		2,10,20,50,100,110,122,200,220,300,334,400,500,686,688	6.138,6.138,6.138,6.138,6.188,6.294,6.584,5.766,5.568,5.092,4.894,4.678,4.419,3.944,3.944															0	0,0,0,0,0,0,0,0,0,0,0,0,0,0,0			2021-05-09T07:53:45Z	2021-08-09T04:22:35Z	-137.045809796057	51.4821843061217
gp24-419-20	210331	2021-03-17T03:32:48Z	740		0	15		2,10,20,50,100,112,124,168,200,230,300,334,500,700,740	6.145,6.145,6.145,6.155,6.259,6.392,5.851,5.666,5.094,4.779,4.688,4.503,4.381,3.881,3.790															0	0,0,0,0,0,0,0,0,0,0,0,0,0,0,0			2021-05-09T07:53:45Z	2021-08-09T04:22:35Z	-137.205645471137	51.4758998564085
gp24-419-20	210331	2021-03-17T07:24:36Z	846		0	14		2,10,20,50,98,100,130,144,162,200,300,500,700,846	6.160,6.160,6.160,6.149,6.128,6.128,5.637,5.618,5.222,5.013,4.460,4.420,3.772,3.504															0	0,0,0,0,0,0,0,0,0,0,0,0,0,0			2021-05-09T07:53:45Z	2021-08-09T04:22:35Z	-137.318344050418	51.4631074612383
gp24-419-20	210331	2021-03-17T15:20:00Z	226		0	15		2,10,20,30,50,75,98,100,118,132,150,184,200,214,226	6.190,6.190,6.190,6.190,6.200,6.195,6.190,6.190,5.888,5.879,5.612,5.396,5.190,5.111,4.920															0	0,0,0,0,0,0,0,0,0,0,0,0,0,0,0			2021-05-09T07:53:45Z	2021-08-09T04:22:35Z	-137.45841782907	51.4398170034907
gp24-419-20	210331	2021-03-17T15:44:36Z	360		0	15		2,10,20,30,50,98,100,114,128,150,200,224,242,300,360	6.202,6.195,6.195,6.195,6.188,6.167,6.153,5.858,5.900,5.606,5.142,4.882,4.772,4.594,4.458															0	0,0,0,0,0,0,0,0,0,0,0,0,0,0,0			2021-05-09T07:53:45Z	2021-08-09T04:22:35Z	-137.428040213919	51.4063587459793
gp24-419-20	210331	2021-03-17T17:45:36Z	600		0	15		2,10,20,50,98,100,112,128,154,200,256,300,400,500,600	6.144,6.135,6.135,6.126,6.109,6.109,5.805,5.594,5.465,5.004,4.489,4.456,4.412,4.186,3.926															0	0,0,0,0,0,0,0,0,0,0,0,0,0,0,0			2021-05-09T07:53:45Z	2021-08-09T04:22:35Z	-137.51220431487	51.3429409007772
gp24-419-20	210331	2021-03-17T20:12:00Z	572		0	15		2,10,20,50,100,102,124,160,182,200,272,300,400,500,572	6.130,6.113,6.105,6.088,6.105,6.105,5.559,5.294,4.923,4.799,4.420,4.468,4.329,4.188,4.024															0	0,0,0,0,0,0,0,0,0,0,0,0,0,0,0			2021-05-09T07:53:45Z	2021-08-09T04:22:35Z	-137.558861096171	51.3551331618344
gp24-419-20	210331	2021-03-18T02:16:24Z	488		0	14		2,10,20,50,98,100,116,150,200,210,248,300,400,488	6.118,6.110,6.110,6.087,6.041,6.033,5.669,5.479,5.016,5.016,4.538,4.500,4.265,4.182															0	0,0,0,0,0,0,0,0,0,0,0,0,0,0			2021-05-09T07:53:45Z	2021-08-09T04:22:35Z	-137.918060949505	51.3267367839135
gp24-419-20	210331	2021-03-18T02:41:00Z	672		0	15		2,10,20,50,98,100,116,156,200,228,238,300,400,500,672	6.098,6.089,6.089,6.052,6.024,6.024,5.669,5.470,4.934,4.742,4.552,4.378,4.251,4.098,3.780															0	0,0,0,0,0,0,0,0,0,0,0,0,0,0,0			2021-05-09T07:53:45Z	2021-08-09T04:22:35Z	-137.974098171477	51.3241408040195
gp24-419-20	210331	2021-03-18T09:05:12Z	634		0	15		2,10,20,50,98,100,124,138,180,200,300,400,460,500,634	6.148,6.139,6.139,6.139,6.104,6.095,5.504,5.269,4.820,4.731,4.558,4.383,4.368,4.211,3.934															0	0,0,0,0,0,0,0,0,0,0,0,0,0,0,0			2021-05-09T07:53:45Z	2021-08-09T04:22:35Z	-138.346211785085	51.253988904916
gp24-419-20	210331	2021-03-18T13:48:48Z	804		0	15		2,10,20,50,98,100,114,142,160,170,200,300,500,700,804	6.202,6.192,6.192,6.192,6.182,6.182,6.142,5.392,5.314,5.007,4.967,4.554,4.227,3.872,3.686															0	0,0,0,0,0,0,0,0,0,0,0,0,0,0,0			2021-05-09T07:53:45Z	2021-08-09T04:22:35Z	-138.506058378959	51.1943318492237
gp24-419-20	210331	2021-03-19T02:27:36Z	588		0	15		2,10,20,50,100,110,154,194,200,212,268,300,400,500,588	6.059,6.059,6.059,6.051,6.059,6.136,5.926,5.300,5.101,4.909,4.576,4.484,4.267,4.167,4.010															0	0,0,0,0,0,0,0,0,0,0,0,0,0,0,0			2021-05-09T07:53:45Z	2021-08-09T04:22:35Z	-139.275428946	51.0742064105975
gp24-419-20	210331	2021-03-19T09:21:36Z	414		0	15		2,10,20,50,98,100,140,150,200,252,300,324,400,410,414	6.178,6.171,6.164,6.171,6.171,6.164,6.084,5.957,5.570,5.022,4.742,4.595,4.502,4.476,4.481															0	0,0,0,0,0,0,0,0,0,0,0,0,0,0,0			2021-05-09T07:53:45Z	2021-08-09T04:22:35Z	-139.491480334044	51.045724315338
gp24-419-20	210331	2021-03-19T17:05:48Z	436		0	15		2,10,20,50,98,100,112,126,150,200,226,300,400,412,436	6.124,6.116,6.116,6.116,6.048,6.033,5.893,5.433,5.120,4.846,4.660,4.489,4.258,4.230,4.230															0	0,0,0,0,0,0,0,0,0,0,0,0,0,0,0			2021-05-09T07:53:45Z	2021-08-09T04:22:35Z	-140.001469528018	50.9627089942689
gp24-419-20	210331	2021-03-19T20:19:00Z	594		0	15		2,10,20,50,98,100,122,200,246,260,300,400,500,590,594	6.066,6.058,6.058,6.049,5.933,5.899,5.385,5.004,4.961,4.763,4.638,4.257,4.124,3.950,3.950															0	0,0,0,0,0,0,0,0,0,0,0,0,0,0,0			2021-05-09T07:53:45Z	2021-08-09T04:22:35Z	-140.045279054901	50.8818779557241
gp24-419-20	210331	2021-03-20T08:28:36Z	638		0	15		2,10,20,50,98,100,126,164,200,260,300,400,500,580,638	5.976,5.976,5.976,5.959,5.950,5.950,5.898,5.357,5.044,4.739,4.681,4.435,4.206,4.053,3.818															0	0,0,0,0,0,0,0,0,0,0,0,0,0,0,0			2021-05-09T07:53:45Z	2021-08-09T04:22:35Z	-140.388054346819	50.7177502779865
gp24-419-20	210331	2021-03-20T15:18:36Z	486		0	15		2,10,20,50,100,124,150,176,200,216,300,400,452,484,486	5.930,5.930,5.930,5.930,5.923,5.944,5.458,5.338,4.880,4.733,4.503,4.295,4.341,4.228,4.228															0	0,0,0,0,0,0,0,0,0,0,0,0,0,0,0			2021-05-09T07:53:45Z	2021-08-09T04:22:35Z	-140.563781169188	50.6092104377527
gp24-419-20	210331	2021-03-20T17:52:36Z	608		0	15		2,10,20,50,98,100,128,152,164,172,200,300,400,500,608	5.992,5.975,5.975,5.950,5.899,5.899,5.776,5.227,5.276,5.020,4.744,4.437,4.338,4.122,3.874															0	0,0,0,0,0,0,0,0,0,0,0,0,0,0,0			2021-05-09T07:53:45Z	2021-08-09T04:22:35Z	-140.683428605914	50.5371201207001
gp24-419-20	210331	2021-03-21T02:29:24Z	588		0	15		2,10,20,50,98,100,130,172,186,200,300,326,400,500,588	5.976,5.976,5.976,5.953,5.938,5.938,5.863,5.153,5.040,5.040,4.534,4.408,4.263,4.150,4.054															0	0,0,0,0,0,0,0,0,0,0,0,0,0,0,0			2021-05-09T07:53:45Z	2021-08-09T04:22:35Z	-141.022229879359	50.5562442155955
gp24-419-20	210331	2021-03-21T09:06:48Z	362		0	15		2,10,20,30,50,98,100,120,134,150,200,220,232,300,362	6.238,6.231,6.231,6.225,6.225,6.218,6.218,6.159,5.857,5.766,5.309,5.225,5.012,4.665,4.594															0	0,0,0,0,0,0,0,0,0,0,0,0,0,0,0			2021-05-09T07:53:45Z	2021-08-09T04:22:35Z	-141.385132547003	50.3952960716763
gp24-419-20	210331	2021-03-21T10:07:12Z	602		0	15		2,10,20,50,100,140,156,174,200,222,246,300,400,500,602	6.195,6.187,6.187,6.187,6.187,6.260,5.989,6.068,5.514,5.538,5.085,4.824,4.626,4.436,4.238															0	0,0,0,0,0,0,0,0,0,0,0,0,0,0,0			2021-05-09T07:53:45Z	2021-08-09T04:22:35Z	-141.427483400473	50.3789687594571
gp24-419-20	210331	2021-03-21T14:58:36Z	498		0	14		2,10,20,50,100,112,120,132,150,178,200,300,400,498	6.045,6.045,6.045,6.054,6.071,6.165,6.412,6.464,6.360,5.978,5.859,5.279,4.659,4.294															0	0,0,0,0,0,0,0,0,0,0,0,0,0,0			2021-05-09T07:53:45Z	2021-08-09T04:22:35Z	-141.530939134227	50.3275250551215
gp24-419-20	210331	2021-03-22T02:23:24Z	590		0	15		2,10,20,50,100,114,152,168,184,200,300,400,500,580,590	5.934,5.926,5.926,5.904,5.694,5.904,5.582,5.605,5.352,5.403,4.508,4.390,4.232,4.032,4.032															0	0,0,0,0,0,0,0,0,0,0,0,0,0,0,0			2021-05-09T07:53:45Z	2021-08-09T04:22:35Z	-141.823585474564	50.2658699803668
gp24-419-20	210331	2021-03-22T04:57:00Z	854		0	15		2,10,20,50,98,100,140,200,228,254,300,500,700,852,854	5.932,5.932,5.932,5.942,5.922,5.922,5.767,4.910,4.698,4.784,4.448,4.177,3.732,3.484,3.484															0	0,0,0,0,0,0,0,0,0,0,0,0,0,0,0			2021-05-09T07:53:45Z	2021-08-09T04:22:35Z	-141.857052652887	50.1993714259977
gp24-419-20	210331	2021-03-22T14:59:00Z	522		0	15		2,10,20,32,50,70,100,104,184,200,300,322,400,500,522	5.942,5.934,5.927,5.904,5.638,5.527,5.601,5.623,4.816,4.750,4.343,4.188,4.122,4.077,4.056															0	0,0,0,0,0,0,0,0,0,0,0,0,0,0,0			2021-05-09T07:53:45Z	2021-08-09T04:22:35Z	-142.151092370551	50.1333886285679
gp24-419-20	210331	2021-03-22T17:20:12Z	694		0	15		2,10,20,38,50,74,100,108,200,300,364,400,500,686,694	6.058,6.058,6.041,6.015,5.869,5.700,5.665,5.665,4.916,4.575,4.294,4.286,4.192,3.886,3.886															0	0,0,0,0,0,0,0,0,0,0,0,0,0,0,0			2021-05-09T07:53:45Z	2021-08-09T04:22:35Z	-142.25744960788	50.1926833260364
gp24-419-20	210331	2021-03-23T02:27:48Z	558		0	14		2,10,20,50,100,102,176,200,242,300,400,438,500,558	5.445,5.439,5.432,5.395,5.445,5.470,4.788,4.702,4.488,4.360,4.267,4.059,3.980,3.906															0	0,0,0,0,0,0,0,0,0,0,0,0,0,0			2021-05-09T07:53:45Z	2021-08-09T04:22:35Z	-142.686546572473	50.1437421245091
gp24-419-20	210331	2021-03-23T05:23:00Z	724		0	15		2,10,20,50,100,104,200,240,300,362,382,434,500,700,724	5.463,5.463,5.455,5.432,5.463,5.478,4.700,4.460,4.334,4.319,4.184,4.258,4.012,3.616,3.572															0	0,0,0,0,0,0,0,0,0,0,0,0,0,0,0			2021-05-09T07:53:45Z	2021-08-09T04:22:35Z	-142.731671742759	50.1587128630839
gp24-419-20	210331	2021-03-23T09:20:00Z	478		0	15		2,10,20,50,100,106,150,200,260,300,372,400,410,466,478	5.516,5.511,5.505,5.442,5.415,5.431,5.066,4.692,4.396,4.418,4.344,4.222,4.333,4.170,4.185															0	0,0,0,0,0,0,0,0,0,0,0,0,0,0,0			2021-05-09T07:53:45Z	2021-08-09T04:22:35Z	-142.838484673447	50.0911873236232
gp24-419-20	210331	2021-03-23T19:50:24Z	748		0	15		2,10,20,40,50,78,100,116,164,200,242,300,500,700,748	6.144,6.144,6.134,6.074,5.868,5.623,5.906,5.808,4.914,4.708,4.493,4.452,4.139,3.763,3.638															0	0,0,0,0,0,0,0,0,0,0,0,0,0,0,0			2021-05-09T07:53:45Z	2021-08-09T04:22:35Z	-142.76427184186	50.0076464439873
gp24-419-20	210331	2021-03-24T02:39:36Z	694		0	15		2,10,20,50,100,116,152,182,200,206,238,300,400,500,694	6.516,6.505,6.473,6.430,6.261,6.430,6.083,5.409,5.113,4.965,4.669,4.417,4.323,4.237,3.828															0	0,0,0,0,0,0,0,0,0,0,0,0,0,0,0			2021-05-09T07:53:45Z	2021-08-09T04:22:35Z	-143.006485104439	49.8181186165578
gp24-419-20	210331	2021-03-24T10:43:48Z	570		0	15		2,10,20,50,100,130,148,184,200,242,300,330,400,500,570	6.586,6.577,6.577,6.577,6.472,6.520,6.344,5.730,5.618,4.994,4.892,4.902,4.650,4.371,4.214															0	0,0,0,0,0,0,0,0,0,0,0,0,0,0,0			2021-05-09T07:53:45Z	2021-08-09T04:22:35Z	-143.344718746568	49.6815652993144
gp24-419-20	210331	2021-03-24T15:34:36Z	492		0	15		2,10,20,50,100,124,138,150,200,246,268,300,400,422,492	6.478,6.478,6.478,6.487,6.468,6.515,6.994,6.827,6.173,5.713,5.143,5.152,4.850,4.648,4.674															0	0,0,0,0,0,0,0,0,0,0,0,0,0,0,0			2021-05-09T07:53:45Z	2021-08-09T04:22:35Z	-143.443622764935	49.5597259894775
gp24-419-20	210331	2021-03-24T17:21:12Z	728		0	15		2,10,20,50,100,114,132,150,200,300,354,402,500,700,728	6.480,6.480,6.480,6.480,6.412,6.493,7.294,7.362,6.814,5.850,5.008,4.661,4.647,4.021,3.956															0	0,0,0,0,0,0,0,0,0,0,0,0,0,0,0			2021-05-09T07:53:45Z	2021-08-09T04:22:35Z	-143.425584476382	49.5017993286147
gp24-419-20	210331	2021-03-24T20:57:00Z	560		0	15		2,10,20,50,100,110,116,128,200,300,314,352,400,500,560	6.550,6.538,6.538,6.525,6.550,6.765,7.311,7.480,6.996,6.356,6.294,5.786,5.401,4.785,4.400															0	0,0,0,0,0,0,0,0,0,0,0,0,0,0,0			2021-05-09T07:53:45Z	2021-08-09T04:22:35Z	-143.359343951456	49.4436904069575
gp24-419-20	210331	2021-03-24T23:49:48Z	822		0	15		2,10,20,50,100,120,124,132,140,200,300,480,500,700,822	6.421,6.406,6.377,6.362,6.318,6.421,6.549,7.180,7.356,7.037,6.047,4.462,4.491,3.989,3.688															0	0,0,0,0,0,0,0,0,0,0,0,0,0,0,0			2021-05-09T07:53:45Z	2021-08-09T04:22:35Z	-143.428806145591	49.4259218726746
gp24-419-20	210331	2021-03-25T08:27:12Z	520		0	15		2,10,20,50,100,112,130,140,200,242,252,300,400,500,520	6.641,6.641,6.621,6.390,6.411,6.441,6.913,6.964,5.867,5.555,5.194,5.035,4.633,4.502,4.402															0	0,0,0,0,0,0,0,0,0,0,0,0,0,0,0			2021-05-09T07:53:45Z	2021-08-09T04:22:35Z	-143.840558324483	49.3562365126455
gp24-419-20	210331	2021-03-25T20:30:12Z	662		0	15		2,10,20,50,98,100,126,200,228,248,272,300,400,500,662	6.758,6.735,6.713,6.645,6.591,6.580,6.113,5.501,5.736,5.315,5.436,4.981,4.814,4.270,3.928															0	0,0,0,0,0,0,0,0,0,0,0,0,0,0,0			2021-05-09T07:53:45Z	2021-08-09T04:22:35Z	-143.955377164279	49.1856669006129
gp24-419-20	210331	2021-03-26T08:16:12Z	522		0	15		2,10,20,50,100,122,130,158,200,228,300,352,400,500,522	6.894,6.844,6.783,6.735,6.556,6.556,6.735,6.132,5.617,5.556,5.051,5.011,4.754,4.438,4.370															0	0,0,0,0,0,0,0,0,0,0,0,0,0,0,0			2021-05-09T07:53:45Z	2021-08-09T04:22:35Z	-143.915136825552	49.0299749396071
gp24-419-20	210331	2021-03-26T10:43:00Z	698		0	15		2,10,20,50,100,124,134,142,154,168,200,300,400,500,698	6.888,6.876,6.864,6.770,6.725,6.388,6.654,6.305,6.305,5.853,5.622,5.042,4.462,4.312,3.930															0	0,0,0,0,0,0,0,0,0,0,0,0,0,0,0			2021-05-09T07:53:45Z	2021-08-09T04:22:35Z	-143.984592814667	49.0121253858833
gp24-419-20	210331	2021-03-26T17:41:48Z	616		0	15		2,10,20,50,98,100,140,200,300,374,400,438,500,614,616	6.716,6.705,6.684,6.608,6.546,6.535,6.292,5.550,4.491,4.364,4.216,4.310,4.194,4.016,4.016															0	0,0,0,0,0,0,0,0,0,0,0,0,0,0,0			2021-05-09T07:53:45Z	2021-08-09T04:22:35Z	-144.243230539737	48.9917425150646
gp24-419-20	210331	2021-03-27T00:37:12Z	930		0	15		2,10,20,50,100,116,200,228,242,254,300,406,500,700,930	6.666,6.666,6.626,6.532,6.455,6.482,5.404,5.062,5.036,4.788,4.496,4.145,4.078,3.750,3.318															0	0,0,0,0,0,0,0,0,0,0,0,0,0,0,0			2021-05-09T07:53:45Z	2021-08-09T04:22:35Z	-144.171049623342	48.8122370319327
gp24-419-20	210331	2021-03-27T08:30:12Z	638		0	14		2,10,20,50,100,108,162,200,264,300,400,438,500,638	6.844,6.832,6.832,6.763,6.603,6.638,6.181,5.690,4.916,4.710,4.265,4.151,4.105,3.936															0	0,0,0,0,0,0,0,0,0,0,0,0,0,0			2021-05-09T07:53:45Z	2021-08-09T04:22:35Z	-144.119920178518	48.6959107838396
gp24-419-20	210331	2021-03-27T15:14:12Z	290		0	15		2,10,20,30,50,75,100,120,150,200,244,254,262,272,290	6.910,6.902,6.869,6.828,6.538,6.408,6.394,6.618,6.295,5.586,5.271,5.070,5.127,4.893,4.854															0	0,0,0,0,0,0,0,0,0,0,0,0,0,0,0			2021-05-09T07:53:45Z	2021-08-09T04:22:35Z	-144.004073137499	48.587649981328
gp24-419-20	210331	2021-03-27T16:05:36Z	548		0	15		2,10,20,50,74,100,112,118,150,200,212,300,400,500,548	6.864,6.853,6.842,6.777,6.498,6.465,6.424,6.553,6.263,5.524,5.289,4.808,4.391,4.219,4.134															0	0,0,0,0,0,0,0,0,0,0,0,0,0,0,0			2021-05-09T07:53:45Z	2021-08-09T04:22:35Z	-144.026502617639	48.541590348871
gp24-419-20	210331	2021-03-27T17:23:00Z	648		0	15		2,10,20,50,98,100,166,178,200,230,266,300,400,500,648	6.848,6.848,6.848,6.812,6.672,6.672,5.886,5.605,5.441,5.076,5.031,4.655,4.410,4.198,3.860															0	0,0,0,0,0,0,0,0,0,0,0,0,0,0,0			2021-05-09T07:53:45Z	2021-08-09T04:22:35Z	-144.08938743037	48.4684109547379
gp24-419-20	210331	2021-03-29T08:17:12Z	578		0	15		2,10,20,50,98,100,138,174,200,210,242,300,400,500,578	7.072,7.060,7.060,7.060,6.943,6.911,5.821,5.236,5.168,4.926,4.949,4.435,4.525,4.285,4.148															0	0,0,0,0,0,0,0,0,0,0,0,0,0,0,0			2021-05-09T07:53:45Z	2021-08-09T04:22:35Z	-144.146303073396	47.8465786626506
gp24-419-20	210331	2021-03-29T15:58:12Z	446		0	15		2,10,20,50,98,100,118,150,200,260,278,300,318,400,446	6.948,6.948,6.948,6.937,6.655,6.613,6.467,5.738,5.027,4.985,4.538,4.370,4.288,4.392,4.360															0	0,0,0,0,0,0,0,0,0,0,0,0,0,0,0			2021-05-09T07:53:45Z	2021-08-09T04:22:35Z	-144.117111636452	47.7899793973647
gp24-419-20	210331	2021-03-29T17:13:36Z	678		0	15		2,10,20,50,98,100,118,134,200,240,300,400,500,676,678	6.972,6.959,6.959,6.947,6.845,6.832,6.138,6.198,4.869,5.018,4.273,4.371,4.133,3.800,3.800															0	0,0,0,0,0,0,0,0,0,0,0,0,0,0,0			2021-05-09T07:53:45Z	2021-08-09T04:22:35Z	-144.112039377236	47.7807137887139
gp24-419-20	210331	2021-03-30T02:28:12Z	658		0	15		2,10,20,50,98,100,116,128,158,200,224,300,400,500,658	7.058,6.970,6.957,6.885,6.538,6.525,6.437,5.895,5.350,4.918,5.079,4.436,4.338,4.190,3.906															0	0,0,0,0,0,0,0,0,0,0,0,0,0,0,0			2021-05-09T07:53:45Z	2021-08-09T04:22:35Z	-144.144134942561	47.7983949325952
gp24-419-20	210331	2021-03-30T08:27:12Z	514		0	15		2,10,20,50,98,100,114,138,200,258,300,400,500,508,514	7.086,7.051,6.912,6.888,6.738,6.667,6.171,5.985,4.884,4.792,4.341,4.293,4.155,4.134,4.134															0	0,0,0,0,0,0,0,0,0,0,0,0,0,0,0			2021-05-09T07:53:45Z	2021-08-09T04:22:35Z	-144.147608619474	47.6932495414801
gp24-419-20	210331	2021-03-30T10:33:36Z	658		0	15		2,10,20,50,84,98,100,116,144,200,262,300,400,500,658	7.056,7.017,6.965,6.939,6.890,6.520,6.481,5.945,6.062,5.130,4.864,4.432,4.341,4.162,3.808															0	0,0,0,0,0,0,0,0,0,0,0,0,0,0,0			2021-05-09T07:53:45Z	2021-08-09T04:22:35Z	-144.100664306875	47.7379528368903
gp24-419-20	210331	2021-03-30T19:16:36Z	694		0	15		2,10,20,50,98,100,116,156,200,224,242,300,400,500,694	7.080,7.054,7.016,6.926,6.814,6.776,6.135,6.112,5.004,5.106,4.728,4.363,4.440,4.225,3.876															0	0,0,0,0,0,0,0,0,0,0,0,0,0,0,0			2021-05-09T07:53:45Z	2021-08-09T04:22:35Z	-144.197884745762	47.7768828804037
gp24-419-20	210331	2021-03-31T08:18:24Z	502		0	15		2,10,20,50,98,100,112,130,146,200,300,400,496,500,502	6.994,6.994,6.983,6.938,6.830,6.830,6.688,5.746,5.999,5.331,4.403,4.370,4.208,4.208,4.208															0	0,0,0,0,0,0,0,0,0,0,0,0,0,0,0			2021-05-09T07:53:45Z	2021-08-09T04:22:35Z	-144.239844092318	47.8140177232346
gp24-419-20	210331	2021-03-31T15:52:00Z	660		0	15		2,10,20,50,98,100,146,200,218,240,300,346,400,500,660	6.958,6.946,6.934,6.802,6.574,6.562,6.083,4.994,4.863,5.030,4.326,4.240,4.420,4.216,3.908															0	0,0,0,0,0,0,0,0,0,0,0,0,0,0,0			2021-05-09T07:53:45Z	2021-08-09T04:22:35Z	-144.065529867636	47.7508531794346
gp24-419-20	210331	2021-04-01T01:35:00Z	680		0	15		2,10,20,50,98,100,156,200,226,240,266,300,400,500,680	7.066,7.053,7.040,6.888,6.672,6.646,5.466,4.859,5.010,4.668,4.820,4.490,4.277,4.212,3.834															0	0,0,0,0,0,0,0,0,0,0,0,0,0,0,0			2021-05-09T07:53:45Z	2021-08-09T04:22:35Z	-143.918360827556	47.720676904722
gp24-419-20	210331	2021-04-01T08:22:00Z	734		0	15		2,10,20,50,98,100,110,128,146,200,300,350,500,700,734	6.964,6.951,6.951,6.810,6.422,6.422,6.383,5.654,5.353,4.961,4.646,4.255,4.232,3.802,3.754															0	0,0,0,0,0,0,0,0,0,0,0,0,0,0,0			2021-05-09T07:53:45Z	2021-08-09T04:22:35Z	-144.197762506225	47.6294329105577
gp24-419-20	210331	2021-04-02T01:18:48Z	706		0	15		2,10,20,50,84,98,100,116,134,200,300,320,500,700,706	6.990,6.977,6.977,6.924,6.833,6.550,6.524,6.295,5.353,4.842,4.353,4.455,4.068,3.720,3.710															0	0,0,0,0,0,0,0,0,0,0,0,0,0,0,0			2021-05-09T07:53:45Z	2021-08-09T04:22:35Z	-143.716827457238	47.5825252896635
gp24-419-20	210331	2021-04-02T08:07:24Z	522		0	15		2,10,20,50,86,98,100,112,122,144,200,300,400,500,522	7.006,7.006,6.994,6.982,6.770,6.514,6.466,6.314,5.765,5.238,4.770,4.409,4.209,4.045,4.024															0	0,0,0,0,0,0,0,0,0,0,0,0,0,0,0			2021-05-09T07:53:45Z	2021-08-09T04:22:35Z	-143.848174920285	47.5334362894026
gp24-419-20	210331	2021-04-02T09:56:12Z	652		0	15		2,10,20,50,98,100,118,126,132,200,256,300,400,500,652	7.002,6.989,6.989,6.963,6.674,6.623,6.195,5.552,5.375,4.767,4.416,4.403,4.239,4.037,3.786															0	0,0,0,0,0,0,0,0,0,0,0,0,0,0,0			2021-05-09T07:53:45Z	2021-08-09T04:22:35Z	-143.896618008871	47.5385530878006
gp24-419-20	210331	2021-04-02T15:55:36Z	632		0	15		2,10,20,50,98,100,136,146,158,200,284,300,400,500,632	6.971,6.984,6.984,6.959,6.762,6.749,6.198,5.607,5.288,4.809,4.367,4.405,4.270,4.073,3.854															0	0,0,0,0,0,0,0,0,0,0,0,0,0,0,0			2021-05-09T07:53:45Z	2021-08-09T04:22:35Z	-144.056640693195	47.5554554533354
gp24-419-20	210331	2021-04-02T20:19:24Z	666		0	15		2,10,20,50,82,98,100,122,132,200,246,300,400,500,666	6.986,6.973,6.960,6.935,6.871,6.708,6.669,6.192,5.466,4.740,4.461,4.413,4.224,4.048,3.786															0	0,0,0,0,0,0,0,0,0,0,0,0,0,0,0			2021-05-09T07:53:45Z	2021-08-09T04:22:35Z	-143.878875349335	47.5315348303341
gp24-419-20	210331	2021-04-03T01:32:36Z	708		0	15		2,10,20,50,98,100,134,142,156,200,300,500,700,706,708	7.036,7.022,7.022,6.941,6.623,6.596,6.145,5.586,5.173,4.708,4.285,4.017,3.648,3.648,3.648															0	0,0,0,0,0,0,0,0,0,0,0,0,0,0,0			2021-05-09T07:53:45Z	2021-08-09T04:22:35Z	-143.81915831187	47.5131209435434
gp24-419-20	210331	2021-04-03T08:19:00Z	622		0	14		2,10,20,50,86,98,100,124,142,200,300,400,500,622	7.021,7.034,7.034,7.009,6.861,6.611,6.539,6.264,5.425,4.820,4.385,4.164,4.063,3.880															0	0,0,0,0,0,0,0,0,0,0,0,0,0,0			2021-05-09T07:53:45Z	2021-08-09T04:22:35Z	-143.804320818002	47.5111326499479
gp24-419-20	210331	2021-04-03T15:24:36Z	642		0	14		2,10,20,50,98,100,128,158,200,268,300,400,500,642	6.959,6.959,6.972,6.959,6.859,6.846,6.351,5.090,4.769,4.362,4.438,4.252,4.053,3.820															0	0,0,0,0,0,0,0,0,0,0,0,0,0,0			2021-05-09T07:53:45Z	2021-08-09T04:22:35Z	-143.823233144521	47.5839861559316
gp24-419-20	210331	2021-04-04T02:07:48Z	478		0	15		2,10,20,50,72,98,100,116,130,150,200,300,330,400,478	7.204,7.192,7.156,7.108,7.051,6.594,6.582,6.474,5.666,5.325,4.903,4.550,4.574,4.353,4.212															0	0,0,0,0,0,0,0,0,0,0,0,0,0,0,0			2021-05-09T07:53:45Z	2021-08-09T04:22:35Z	-143.848764894333	47.6134375839298
gp24-419-20	210331	2021-04-04T02:31:36Z	668		0	15		2,10,20,50,66,98,100,114,132,200,300,340,400,500,668	7.168,7.155,7.116,7.090,7.037,6.590,6.564,6.371,5.463,4.924,4.565,4.591,4.349,4.222,3.902															0	0,0,0,0,0,0,0,0,0,0,0,0,0,0,0			2021-05-09T07:53:45Z	2021-08-09T04:22:35Z	-143.847140089985	47.6161914968385
gp24-419-20	210331	2021-04-04T08:15:12Z	620		0	15		2,10,20,50,98,100,130,144,156,200,254,300,400,500,620	7.014,7.002,6.989,6.939,6.634,6.609,6.425,5.693,5.375,4.827,4.471,4.496,4.225,4.079,3.898															0	0,0,0,0,0,0,0,0,0,0,0,0,0,0,0			2021-05-09T07:53:45Z	2021-08-09T04:22:35Z	-143.726605449954	47.5896118566481
gp24-419-20	210331	2021-04-04T14:34:24Z	620		0	15		2,10,20,50,98,100,116,132,140,200,264,300,400,500,620	7.012,6.999,6.999,6.974,6.738,6.701,6.405,5.530,5.294,4.753,4.395,4.407,4.259,4.124,3.866															0	0,0,0,0,0,0,0,0,0,0,0,0,0,0,0			2021-05-09T07:53:45Z	2021-08-09T04:22:35Z	-143.754404816455	47.5657919735134
gp24-419-20	210331	2021-04-05T08:17:48Z	640		0	15		2,10,20,50,76,98,100,138,152,200,250,300,400,500,640	7.272,7.155,7.142,7.093,7.028,6.747,6.721,6.083,5.418,4.995,4.640,4.574,4.434,4.242,4.014															0	0,0,0,0,0,0,0,0,0,0,0,0,0,0,0			2021-05-09T07:53:45Z	2021-08-09T04:22:35Z	-143.731471144087	47.5793636116032
gp24-419-20	210331	2021-04-05T20:18:24Z	706		0	15		2,10,20,50,74,98,100,126,138,156,200,300,500,700,706	7.030,7.017,7.003,6.977,6.924,6.559,6.533,6.288,5.704,5.234,4.806,4.379,4.064,3.716,3.739															0	0,0,0,0,0,0,0,0,0,0,0,0,0,0,0			2021-05-09T07:53:45Z	2021-08-09T04:22:35Z	-144.034067768738	47.6001486272947
gp24-419-20	210331	2021-04-06T02:21:12Z	670		0	15		2,10,20,50,98,100,118,126,142,200,300,400,500,658,670	7.146,7.133,7.106,7.039,6.512,6.499,6.342,5.805,5.343,4.870,4.464,4.253,4.096,3.794,3.794															0	0,0,0,0,0,0,0,0,0,0,0,0,0,0,0			2021-05-09T07:53:45Z	2021-08-09T04:22:35Z	-143.815360292161	47.5727277445451
gp24-419-20	210331	2021-04-06T07:19:12Z	694		0	15		2,10,20,50,98,100,132,140,148,200,278,300,400,500,694	7.124,7.124,7.111,7.030,6.663,6.649,6.375,6.151,5.616,4.787,4.409,4.449,4.302,4.158,3.780															0	0,0,0,0,0,0,0,0,0,0,0,0,0,0,0			2021-05-09T07:53:45Z	2021-08-09T04:22:35Z	-143.902955902772	47.565002945101
gp24-419-20	210331	2021-04-06T15:12:12Z	396		0	15		2,10,20,30,50,78,98,100,150,170,200,224,300,338,396	7.082,7.071,7.071,7.060,7.015,6.941,6.688,6.677,6.003,5.481,5.243,4.785,4.394,4.308,4.361															0	0,0,0,0,0,0,0,0,0,0,0,0,0,0,0			2021-05-09T07:53:45Z	2021-08-09T04:22:35Z	-143.664457732994	47.4387890687965
gp24-419-20	210331	2021-04-06T15:37:48Z	660		0	15		2,10,20,50,98,100,140,156,162,200,244,300,400,500,660	7.120,7.107,7.107,7.041,6.653,6.626,6.242,5.853,5.442,5.028,4.577,4.343,4.343,4.139,3.830															0	0,0,0,0,0,0,0,0,0,0,0,0,0,0,0			2021-05-09T07:53:45Z	2021-08-09T04:22:35Z	-143.653702773772	47.4320132357439
gp24-419-20	210331	2021-04-06T19:28:00Z	692		0	15		2,10,20,50,98,100,150,160,170,200,242,300,400,500,692	7.100,7.073,7.059,6.991,6.616,6.589,5.724,5.857,5.322,5.080,4.586,4.467,4.307,4.079,3.694															0	0,0,0,0,0,0,0,0,0,0,0,0,0,0,0			2021-05-09T07:53:45Z	2021-08-09T04:22:35Z	-143.461134988734	47.4590996204116
gp24-419-20	210331	2021-04-07T08:09:24Z	468		0	15		2,10,20,50,76,100,118,150,174,200,252,300,400,466,468	7.206,7.194,7.182,6.991,6.541,6.399,6.601,5.461,5.035,4.844,4.430,4.333,4.203,4.182,4.182															0	0,0,0,0,0,0,0,0,0,0,0,0,0,0,0			2021-05-09T07:53:45Z	2021-08-09T04:22:35Z	-143.283803006082	47.4226167263703
gp24-419-20	210331	2021-04-07T09:08:24Z	680		0	15		2,10,20,50,82,100,114,138,158,200,252,300,400,500,680	7.344,7.331,7.290,7.037,6.562,6.522,6.657,6.164,5.282,4.897,4.513,4.476,4.314,4.250,3.974															0	0,0,0,0,0,0,0,0,0,0,0,0,0,0,0			2021-05-09T07:53:45Z	2021-08-09T04:22:35Z	-143.27461135834	47.4368263784791
gp24-419-20	210331	2021-04-07T19:32:12Z	690		0	15		2,10,20,50,100,124,134,154,200,248,300,340,400,500,690	7.290,7.263,7.250,7.067,6.599,6.493,6.715,6.141,5.582,5.137,5.008,4.722,4.566,4.397,3.968															0	0,0,0,0,0,0,0,0,0,0,0,0,0,0,0			2021-05-09T07:53:45Z	2021-08-09T04:22:35Z	-142.927793464468	47.3442954796724
gp24-419-20	210331	2021-04-08T01:41:36Z	696		0	15		2,10,20,50,100,118,126,136,150,200,242,300,400,500,696	7.424,7.369,7.301,7.236,6.714,7.008,6.714,6.847,6.394,5.790,5.240,5.107,4.585,4.398,4.012															0	0,0,0,0,0,0,0,0,0,0,0,0,0,0,0			2021-05-09T07:53:45Z	2021-08-09T04:22:35Z	-142.817771601766	47.2564355956257
gp24-419-20	210331	2021-04-08T19:34:24Z	776		0	15		2,10,20,50,100,128,134,140,200,254,300,432,500,700,776	7.379,7.368,7.322,7.006,6.499,6.632,6.888,7.562,6.678,5.813,5.348,4.484,4.320,3.958,3.752															0	0,0,0,0,0,0,0,0,0,0,0,0,0,0,0			2021-05-09T07:53:45Z	2021-08-09T04:22:35Z	-142.487164946568	47.106019696344
gp24-419-20	210331	2021-04-09T02:10:12Z	688		0	15		2,10,20,50,100,124,138,158,174,200,300,320,400,500,688	7.334,7.334,7.319,7.148,6.820,6.864,7.680,7.534,7.006,6.550,5.563,5.607,4.721,4.433,4.036															0	0,0,0,0,0,0,0,0,0,0,0,0,0,0,0			2021-05-09T07:53:45Z	2021-08-09T04:22:35Z	-142.34814678905	46.9880181172052
gp24-419-20	210331	2021-04-09T09:10:24Z	648		0	15		2,10,20,50,100,114,118,122,126,200,300,340,400,500,648	7.449,7.449,7.438,7.209,6.868,6.951,7.195,7.692,7.808,6.810,5.713,5.285,4.987,4.632,4.178															0	0,0,0,0,0,0,0,0,0,0,0,0,0,0,0			2021-05-09T07:53:45Z	2021-08-09T04:22:35Z	-142.213877274237	46.880620794849
gp24-419-20	210331	2021-04-09T19:33:36Z	690		0	15		2,10,20,50,100,116,124,130,156,200,300,400,444,500,690	7.374,7.374,7.359,7.163,6.895,6.968,7.720,7.858,7.751,7.029,5.628,4.907,4.665,4.561,4.020															0	0,0,0,0,0,0,0,0,0,0,0,0,0,0,0			2021-05-09T07:53:45Z	2021-08-09T04:22:35Z	-142.128872565509	46.9292091102985
gp24-419-20	210331	2021-04-10T01:32:24Z	714		0	15		2,10,20,50,100,126,144,162,200,300,340,442,500,700,714	7.332,7.332,7.332,7.305,6.861,6.861,7.704,7.128,6.654,5.447,5.326,4.457,4.397,3.953,3.942															0	0,0,0,0,0,0,0,0,0,0,0,0,0,0,0			2021-05-09T07:53:45Z	2021-08-09T04:22:35Z	-142.163753717264	47.1103497837534
gp24-419-20	210331	2021-04-10T15:12:12Z	380		0	15		2,10,20,30,50,100,126,132,136,150,200,248,300,332,380	7.372,7.372,7.372,7.372,7.372,7.372,7.382,7.689,7.710,7.577,6.883,6.231,5.802,5.383,5.110															0	0,0,0,0,0,0,0,0,0,0,0,0,0,0,0			2021-05-09T07:53:45Z	2021-08-09T04:22:35Z	-142.46467398622	46.8759541231888
gp24-419-20	210331	2021-04-10T15:40:48Z	652		0	14		2,10,20,50,100,124,134,200,260,300,342,400,500,652	7.425,7.425,7.414,7.399,7.370,7.414,7.788,6.937,6.204,5.918,5.284,4.998,4.595,4.122															0	0,0,0,0,0,0,0,0,0,0,0,0,0,0			2021-05-09T07:53:45Z	2021-08-09T04:22:35Z	-142.446857595462	46.8732134674609
gp24-419-20	210331	2021-04-10T19:50:36Z	682		0	15		2,10,20,50,100,122,150,200,222,300,328,352,400,500,682	7.473,7.432,7.418,7.388,7.300,7.634,7.418,6.626,6.193,5.247,4.928,4.958,4.672,4.382,3.968															0	0,0,0,0,0,0,0,0,0,0,0,0,0,0,0			2021-05-09T07:53:45Z	2021-08-09T04:22:35Z	-142.14924313078	46.7152785655356
gp24-419-20	210331	2021-04-11T01:47:48Z	710		0	15		2,10,20,50,100,122,148,170,200,300,344,452,500,700,710	7.658,7.585,7.570,7.526,7.355,7.325,7.526,7.271,6.653,5.422,4.991,4.490,4.446,4.030,4.004															0	0,0,0,0,0,0,0,0,0,0,0,0,0,0,0			2021-05-09T07:53:45Z	2021-08-09T04:22:35Z	-141.944995508112	46.6196831512905
gp24-419-20	210331	2021-04-11T14:20:36Z	462		0	15		2,10,20,50,62,100,112,120,150,200,268,300,350,400,462	8.098,8.071,7.976,7.804,7.526,7.395,7.472,7.777,7.459,6.796,5.842,5.551,5.112,4.885,4.716															0	0,0,0,0,0,0,0,0,0,0,0,0,0,0,0			2021-05-09T07:53:45Z	2021-08-09T04:22:35Z	-141.72861876543	46.4942521106108
gp24-419-20	210331	2021-04-11T14:49:48Z	662		0	15		2,10,20,50,100,118,130,200,212,272,300,358,400,500,662	8.150,8.118,8.004,7.943,7.431,7.512,7.736,6.858,6.793,5.822,5.534,5.075,4.900,4.563,4.088															0	0,0,0,0,0,0,0,0,0,0,0,0,0,0,0			2021-05-09T07:53:45Z	2021-08-09T04:22:35Z	-141.698046513489	46.4927047157994
gp24-419-20	210331	2021-04-13T01:22:12Z	682		0	15		2,10,20,50,100,126,140,172,200,248,300,350,400,500,682	8.450,8.433,8.433,8.240,7.747,7.559,7.865,7.624,7.179,6.751,6.034,5.331,5.056,4.541,4.082															0	0,0,0,0,0,0,0,0,0,0,0,0,0,0,0			2021-05-09T07:53:45Z	2021-08-09T04:22:35Z	-140.704882967074	46.0346634545204
gp24-419-20	210331	2021-04-13T08:13:48Z	570		0	15		2,10,20,50,80,100,112,120,170,200,266,300,400,500,570	8.462,8.446,8.364,8.265,8.298,7.786,7.688,7.880,7.643,7.270,6.516,5.939,4.989,4.559,4.366															0	0,0,0,0,0,0,0,0,0,0,0,0,0,0,0			2021-05-09T07:53:45Z	2021-08-09T04:22:35Z	-140.459786418389	46.016918245528
gp24-419-20	210331	2021-04-13T19:25:48Z	700		0	15		2,10,20,50,86,100,102,112,200,266,300,374,400,500,700	8.462,8.444,8.390,8.126,7.670,7.777,7.791,7.513,6.654,5.933,5.441,4.881,4.474,3.986,3.986															0	0,0,0,0,0,0,0,0,0,0,0,0,0,0,0			2021-05-09T07:53:45Z	2021-08-09T04:22:35Z	-140.256192590628	45.8628990361695
gp24-419-20	210331	2021-04-14T01:37:00Z	722		0	15		2,10,20,50,68,98,100,130,200,268,300,430,500,700,722	8.460,8.442,8.424,8.242,8.297,7.943,7.907,7.748,6.732,5.702,5.398,4.650,4.527,3.974,3.924															0	0,0,0,0,0,0,0,0,0,0,0,0,0,0,0			2021-05-09T07:53:45Z	2021-08-09T04:22:35Z	-139.755906503871	45.852887478793
gp24-419-20	210331	2021-04-14T08:16:36Z	646		0	15		2,10,20,50,100,112,124,142,158,200,240,300,400,500,646	8.552,8.552,8.499,8.221,7.635,7.701,7.458,7.427,7.114,6.629,6.369,5.522,4.799,4.557,4.142															0	0,0,0,0,0,0,0,0,0,0,0,0,0,0,0			2021-05-09T07:53:45Z	2021-08-09T04:22:35Z	-139.618833941011	45.8289325060957
gp24-419-20	210331	2021-04-14T15:21:24Z	368		0	15		2,10,20,30,50,100,108,130,142,150,200,264,276,300,368	8.590,8.576,8.507,8.317,8.275,7.843,7.857,7.598,7.570,7.435,6.730,5.997,5.782,5.550,5.132															0	0,0,0,0,0,0,0,0,0,0,0,0,0,0,0			2021-05-09T07:53:45Z	2021-08-09T04:22:35Z	-139.440907111607	45.7164382033872
gp24-419-20	210331	2021-04-15T01:15:00Z	686		0	15		2,10,20,50,98,100,108,116,128,178,200,300,400,500,686	8.754,8.641,8.529,8.459,7.961,7.905,7.741,7.943,7.558,7.005,6.930,5.846,4.946,4.556,4.064															0	0,0,0,0,0,0,0,0,0,0,0,0,0,0,0			2021-05-09T07:53:45Z	2021-08-09T04:22:35Z	-138.775012219428	45.8283982924432
gp24-419-20	210331	2021-04-15T19:24:36Z	740		0	15		2,10,20,30,50,100,108,116,162,200,300,400,500,700,740	9.782,9.736,9.573,8.847,8.708,8.231,8.278,8.620,8.162,7.523,6.204,5.043,4.677,4.061,3.974															0	0,0,0,0,0,0,0,0,0,0,0,0,0,0,0			2021-05-09T07:53:45Z	2021-08-09T04:22:35Z	-138.27231032564	45.6800089853707
gp24-419-20	210331	2021-04-16T09:30:36Z	210		0	15		2,10,20,30,50,75,100,110,124,134,140,150,168,200,210	9.122,9.116,9.081,8.967,8.858,8.738,8.337,8.319,8.577,8.509,8.256,8.228,8.280,7.770,7.662															0	0,0,0,0,0,0,0,0,0,0,0,0,0,0,0			2021-05-09T07:53:45Z	2021-08-09T04:22:35Z	-137.869885927907	45.5179850408749
gp24-419-20	210331	2021-04-16T09:55:24Z	470		0	15		2,10,20,50,100,118,132,150,176,200,236,300,360,400,470	9.094,9.077,8.976,8.745,8.451,8.649,8.102,8.170,8.203,7.825,7.165,6.342,5.581,5.304,4.892															0	0,0,0,0,0,0,0,0,0,0,0,0,0,0,0			2021-05-09T07:53:45Z	2021-08-09T04:22:35Z	-137.842506211431	45.512180170487
gp24-419-20	210331	2021-04-16T15:32:00Z	666		0	15		2,10,20,50,98,100,114,124,172,200,300,334,400,500,666	9.542,9.499,9.228,8.893,8.665,8.622,8.479,8.144,8.394,7.766,6.453,5.954,5.433,4.805,4.226															0	0,0,0,0,0,0,0,0,0,0,0,0,0,0,0			2021-05-09T07:53:45Z	2021-08-09T04:22:35Z	-137.511745389932	45.4294812491797
gp24-419-20	210331	2021-04-16T19:30:48Z	762		0	15		2,10,20,50,100,116,128,164,200,300,430,500,700,758,762	9.500,9.457,9.392,9.160,8.712,8.798,8.334,8.631,7.869,6.530,5.158,4.797,4.246,4.100,4.100															0	0,0,0,0,0,0,0,0,0,0,0,0,0,0,0			2021-05-09T07:53:45Z	2021-08-09T04:22:35Z	-137.473503468814	45.3370244028689
gp24-419-20	210331	2021-04-17T01:25:00Z	680		0	15		2,10,20,32,50,100,102,166,178,200,234,300,400,500,680	9.488,9.468,9.346,9.068,9.027,8.713,8.728,8.455,8.035,7.716,7.103,6.429,5.356,4.956,4.424															0	0,0,0,0,0,0,0,0,0,0,0,0,0,0,0			2021-05-09T07:53:45Z	2021-08-09T04:22:35Z	-137.433538791836	45.3058467332637
gp24-419-20	210331	2021-04-17T09:24:36Z	448		0	15		2,10,20,50,100,116,134,144,150,176,200,300,370,400,448	9.678,9.660,9.586,9.097,8.411,8.720,8.572,8.250,8.300,8.411,7.761,6.406,5.393,5.231,5.070															0	0,0,0,0,0,0,0,0,0,0,0,0,0,0,0			2021-05-09T07:53:45Z	2021-08-09T04:22:35Z	-137.016834728504	45.1990140708289
gp24-419-20	210331	2021-04-17T10:09:36Z	528		0	15		2,10,20,50,100,112,148,154,164,200,230,300,400,500,528	9.630,9.591,9.512,9.049,8.468,8.699,8.237,8.448,8.374,7.582,7.099,6.439,5.203,4.800,4.706															0	0,0,0,0,0,0,0,0,0,0,0,0,0,0,0			2021-05-09T07:53:45Z	2021-08-09T04:22:35Z	-136.988697191843	45.1993129690451
gp24-419-20	210331	2021-04-17T19:22:48Z	760		0	15		2,10,20,40,50,98,100,134,164,200,300,378,500,700,760	9.766,9.720,9.673,9.036,8.966,8.694,8.694,7.900,8.016,7.402,6.307,5.467,4.743,4.082,3.972															0	0,0,0,0,0,0,0,0,0,0,0,0,0,0,0			2021-05-09T07:53:45Z	2021-08-09T04:22:35Z	-136.791045373627	44.9966399960539
gp24-419-20	210331	2021-04-18T08:16:00Z	490		0	15		2,10,20,50,98,100,116,132,150,172,200,300,344,400,490	10.232,10.210,10.188,10.014,9.181,9.159,9.077,8.500,8.647,8.222,7.966,6.256,5.701,5.336,4.786															0	0,0,0,0,0,0,0,0,0,0,0,0,0,0,0			2021-05-09T07:53:45Z	2021-08-09T04:22:35Z	-136.512271419233	44.8863003759361
gp24-419-20	210331	2021-04-19T01:58:36Z	726		0	15		2,10,20,40,50,98,100,138,174,200,300,398,500,700,726	10.168,10.045,9.923,9.370,9.321,9.008,9.008,8.266,8.020,7.517,6.192,5.278,4.725,4.099,4.032															0	0,0,0,0,0,0,0,0,0,0,0,0,0,0,0			2021-05-09T07:53:45Z	2021-08-09T04:22:35Z	-135.815438885325	44.7979066367049
gp24-419-20	210331	2021-04-19T08:21:24Z	536		0	15		2,10,20,36,50,98,100,124,132,152,200,300,400,500,536	10.448,10.401,10.260,10.101,9.431,8.973,8.950,8.738,8.391,8.391,7.886,6.576,5.259,4.684,4.572															0	0,0,0,0,0,0,0,0,0,0,0,0,0,0,0			2021-05-09T07:53:45Z	2021-08-09T04:22:35Z	-135.736329216702	44.6643525750141
gp24-419-20	210331	2021-04-19T17:52:24Z	726		0	15		2,10,20,42,50,98,100,122,144,200,300,406,500,700,726	10.008,9.912,9.584,9.184,9.207,9.022,8.998,8.813,8.132,7.427,6.280,4.966,4.596,4.100,4.034															0	0,0,0,0,0,0,0,0,0,0,0,0,0,0,0			2021-05-09T07:53:45Z	2021-08-09T04:22:35Z	-135.307079439635	44.6343893644752
gp24-419-20	210331	2021-04-19T21:21:48Z	372		0	15		2,10,20,30,38,50,98,100,118,134,150,176,200,300,372	10.026,9.804,9.660,9.517,9.299,9.244,8.989,8.970,8.827,8.225,8.081,7.864,7.392,6.211,5.396															0	0,0,0,0,0,0,0,0,0,0,0,0,0,0,0			2021-05-09T07:53:45Z	2021-08-09T04:22:35Z	-135.078276939578	44.67496976308
gp24-419-20	210331	2021-04-19T21:58:00Z	704		0	15		2,10,20,36,50,98,100,116,142,200,300,406,500,700,704	10.140,9.896,9.707,9.585,9.322,9.060,9.060,8.919,8.150,7.479,6.142,5.086,4.561,4.036,4.036															0	0,0,0,0,0,0,0,0,0,0,0,0,0,0,0			2021-05-09T07:53:45Z	2021-08-09T04:22:35Z	-135.066778890048	44.6589113931539
gp24-419-20	210331	2021-04-20T02:31:00Z	614		0	15		2,10,20,50,100,110,124,132,164,200,300,322,400,500,614	10.304,10.135,9.973,9.569,9.118,9.142,8.811,8.196,7.654,7.323,6.263,5.908,5.179,4.679,4.282															0	0,0,0,0,0,0,0,0,0,0,0,0,0,0,0			2021-05-09T07:53:45Z	2021-08-09T04:22:35Z	-134.990912313064	44.5341034859578
gp24-419-20	210331	2021-04-20T20:32:48Z	706		0	15		2,10,20,34,50,98,100,114,140,200,300,384,500,700,706	11.070,11.015,10.932,10.284,10.091,9.767,9.739,9.525,8.498,7.629,6.684,5.443,4.657,4.174,4.174															0	0,0,0,0,0,0,0,0,0,0,0,0,0,0,0			2021-05-09T07:53:45Z	2021-08-09T04:22:35Z	-134.382827075204	44.1865658855021
gp24-419-20	210331	2021-04-21T02:42:36Z	640		0	15		2,10,20,50,100,118,136,170,200,232,300,330,400,500,640	11.466,11.379,11.040,10.131,9.258,9.395,8.659,7.981,7.757,7.555,6.595,6.083,5.462,4.669,4.250															0	0,0,0,0,0,0,0,0,0,0,0,0,0,0,0			2021-05-09T07:53:45Z	2021-08-09T04:22:35Z	-134.17928143442	44.149598928584
gp24-419-20	210331	2021-04-21T08:17:36Z	490		0	15		2,10,20,32,50,92,100,108,122,150,168,200,300,400,490	11.466,11.439,11.439,11.307,10.371,9.382,9.435,9.534,8.963,8.419,8.286,7.742,6.620,5.552,4.828															0	0,0,0,0,0,0,0,0,0,0,0,0,0,0,0			2021-05-09T07:53:45Z	2021-08-09T04:22:35Z	-133.810958391719	44.1152868484479
gp24-419-20	210331	2021-04-21T09:13:48Z	736		0	15		2,10,20,50,100,102,124,156,184,200,300,370,500,700,736	11.264,11.235,11.178,10.552,9.711,9.711,9.431,8.438,7.878,7.762,6.526,5.706,4.721,4.182,4.074															0	0,0,0,0,0,0,0,0,0,0,0,0,0,0,0			2021-05-09T07:53:45Z	2021-08-09T04:22:35Z	-133.759523926684	44.1164494546378
gp24-419-20	210331	2021-04-21T15:31:36Z	480		0	15		2,10,20,50,98,100,134,150,186,200,226,300,400,474,480	11.396,11.371,11.345,10.722,9.750,9.699,9.522,8.899,8.079,7.901,7.730,6.808,5.665,5.042,5.042															0	0,0,0,0,0,0,0,0,0,0,0,0,0,0,0			2021-05-09T07:53:45Z	2021-08-09T04:22:35Z	-133.538552228679	44.0477678749607
gp24-419-20	210331	2021-04-21T19:17:24Z	754		0	15		2,10,20,28,50,98,100,122,150,200,300,402,500,700,754	11.458,11.399,11.165,10.851,10.683,10.105,10.075,9.731,8.729,7.785,6.746,5.459,4.771,4.252,4.142															0	0,0,0,0,0,0,0,0,0,0,0,0,0,0,0			2021-05-09T07:53:45Z	2021-08-09T04:22:35Z	-133.443210231026	43.9430687152623
gp24-419-20	210331	2021-04-22T14:30:24Z	560		0	15		2,10,20,50,98,100,134,156,176,200,300,400,500,558,560	11.374,11.348,11.191,10.549,9.933,9.881,9.730,8.800,8.263,7.981,6.697,5.590,4.975,4.824,4.824															0	0,0,0,0,0,0,0,0,0,0,0,0,0,0,0			2021-05-09T07:53:45Z	2021-08-09T04:22:35Z	-133.115309203569	43.5599094913985
gp24-419-20	210331	2021-04-22T21:03:36Z	606		0	15		2,10,20,30,50,98,100,118,130,160,200,300,400,500,606	11.656,11.543,11.487,10.910,10.411,9.665,9.637,9.250,9.504,8.589,8.146,6.796,5.804,5.114,4.622															0	0,0,0,0,0,0,0,0,0,0,0,0,0,0,0			2021-05-09T07:53:45Z	2021-08-09T04:22:35Z	-132.926679435624	43.3803452766454
gp24-419-20	210331	2021-04-23T02:20:12Z	658		0	15		2,10,20,26,30,50,98,100,122,160,200,300,400,500,658	11.688,11.368,11.288,11.085,10.598,10.031,9.574,9.515,9.436,8.237,7.895,6.980,5.585,4.872,4.422															0	0,0,0,0,0,0,0,0,0,0,0,0,0,0,0			2021-05-09T07:53:45Z	2021-08-09T04:22:35Z	-132.735657728409	43.2084863217735
gp24-419-20	210331	2021-04-23T05:51:36Z	800		0	15		2,10,20,50,98,100,112,142,176,200,300,374,500,700,800	11.540,11.363,10.899,10.523,9.662,9.632,9.603,8.358,8.299,7.953,6.745,5.817,5.036,4.373,4.174															0	0,0,0,0,0,0,0,0,0,0,0,0,0,0,0			2021-05-09T07:53:45Z	2021-08-09T04:22:35Z	-132.675380868356	43.1494381252114
gp24-419-20	210331	2021-04-23T15:23:24Z	268		0	15		2,10,20,30,38,50,75,98,100,116,136,150,168,200,268	11.522,11.379,11.152,10.470,10.190,10.207,10.190,10.069,10.052,9.650,8.479,8.287,7.832,7.605,7.066															0	0,0,0,0,0,0,0,0,0,0,0,0,0,0,0			2021-05-09T07:53:45Z	2021-08-09T04:22:35Z	-132.337818177903	43.1727571451412
gp24-419-20	210331	2021-04-23T16:33:12Z	456		0	15		2,10,20,36,50,100,102,138,150,178,200,300,400,450,456	11.280,11.134,11.086,11.013,10.369,10.206,10.206,9.228,8.421,7.656,7.541,6.588,5.538,5.210,5.210															0	0,0,0,0,0,0,0,0,0,0,0,0,0,0,0			2021-05-09T07:53:45Z	2021-08-09T04:22:35Z	-132.293369579705	43.1787910008666
gp24-419-20	210331	2021-04-23T20:32:36Z	622		0	15		2,10,20,36,50,98,100,106,124,146,200,300,400,500,622	11.062,10.932,10.749,10.136,10.064,9.654,9.628,9.497,8.552,7.939,7.528,6.407,5.461,4.868,4.542															0	0,0,0,0,0,0,0,0,0,0,0,0,0,0,0			2021-05-09T07:53:45Z	2021-08-09T04:22:35Z	-132.092250504561	43.0764846570954
gp24-419-20	210331	2021-04-24T02:35:48Z	590		0	15		2,10,20,32,50,98,100,118,138,200,300,400,500,582,590	10.816,10.769,10.629,10.125,9.938,9.388,9.364,8.703,8.217,7.713,6.771,6.039,5.325,4.962,4.962															0	0,0,0,0,0,0,0,0,0,0,0,0,0,0,0			2021-05-09T07:53:45Z	2021-08-09T04:22:35Z	-131.865378033359	43.1074817716895
gp24-419-20	210331	2021-04-24T22:11:36Z	626		0	15		2,10,20,36,50,98,100,114,130,166,200,300,400,500,626	10.508,10.398,10.376,10.244,9.794,9.470,9.426,8.740,8.504,8.372,7.988,7.060,6.220,5.572,5.018															0	0,0,0,0,0,0,0,0,0,0,0,0,0,0,0			2021-05-09T07:53:45Z	2021-08-09T04:22:35Z	-131.245400936273	42.7951085396106
gp24-419-20	210331	2021-04-25T02:29:48Z	610		0	15		2,10,20,32,50,86,98,100,124,200,300,354,400,500,610	10.534,10.467,10.356,10.312,9.745,9.551,9.290,9.223,8.418,7.962,6.807,6.196,5.958,5.391,4.980															0	0,0,0,0,0,0,0,0,0,0,0,0,0,0,0			2021-05-09T07:53:45Z	2021-08-09T04:22:35Z	-131.123231946699	42.8375506869028
gp24-419-20	210331	2021-04-25T08:27:36Z	490		0	15		2,10,20,50,98,100,104,124,150,200,300,400,470,478,490	10.576,10.532,10.356,10.120,9.559,9.476,9.432,8.459,8.310,7.832,6.776,5.549,5.373,5.076,5.137															0	0,0,0,0,0,0,0,0,0,0,0,0,0,0,0			2021-05-09T07:53:45Z	2021-08-09T04:22:35Z	-130.7793359719	42.8033764125989
gp24-419-20	210331	2021-04-25T14:41:24Z	564		0	15		2,10,20,50,84,98,100,128,134,200,300,400,500,560,564	10.264,10.243,10.180,9.599,9.393,8.918,8.855,8.459,7.963,7.530,6.432,5.772,5.271,4.986,4.986															0	0,0,0,0,0,0,0,0,0,0,0,0,0,0,0			2021-05-09T07:53:45Z	2021-08-09T04:22:35Z	-130.606504699399	42.6221690583234
gp24-419-20	210331	2021-04-26T11:40:24Z	670		0	15		2,10,20,50,58,64,100,136,200,266,282,300,400,500,670	10.604,10.580,10.532,9.917,9.749,9.231,8.195,8.382,7.792,6.919,6.467,6.395,5.666,5.214,4.582															0	0,0,0,0,0,0,0,0,0,0,0,0,0,0,0			2021-05-09T07:53:45Z	2021-08-09T04:22:35Z	-130.350481876488	42.4031318005771
gp24-419-20	210331	2021-04-26T17:40:24Z	698		0	15		2,10,20,50,82,96,100,138,200,246,300,400,500,692,698	10.554,10.504,10.479,10.008,9.612,8.633,8.702,8.338,7.327,6.957,6.122,5.211,4.690,4.276,4.276															0	0,0,0,0,0,0,0,0,0,0,0,0,0,0,0			2021-05-09T07:53:45Z	2021-08-09T04:22:35Z	-130.213627569884	42.3271017561988
gp24-419-20	210331	2021-04-26T20:34:12Z	632		0	15		2,10,20,50,86,98,100,124,140,200,300,400,500,630,632	10.706,10.605,10.580,10.308,9.563,8.919,8.749,8.547,7.757,7.360,6.173,5.105,4.733,4.392,4.392															0	0,0,0,0,0,0,0,0,0,0,0,0,0,0,0			2021-05-09T07:53:45Z	2021-08-09T04:22:35Z	-129.960792781983	42.2165672697141
gp24-419-20	210331	2021-04-27T02:16:00Z	594		0	15		2,10,20,50,98,100,124,156,200,300,360,380,400,500,594	10.594,10.520,10.447,9.944,9.342,9.293,8.520,7.827,7.514,6.354,5.704,5.299,5.274,4.746,4.458															0	0,0,0,0,0,0,0,0,0,0,0,0,0,0,0			2021-05-09T07:53:45Z	2021-08-09T04:22:35Z	-129.463569584903	41.9991877593874
gp24-419-20	210331	2021-04-27T08:35:00Z	544		0	15		2,10,20,50,98,100,112,148,200,300,358,400,500,538,544	11.594,11.485,11.430,11.245,10.172,10.172,9.981,8.292,7.540,6.740,5.722,5.503,4.943,4.758,4.758															0	0,0,0,0,0,0,0,0,0,0,0,0,0,0,0			2021-05-09T07:53:45Z	2021-08-09T04:22:35Z	-129.107857080852	41.8902405506755
gp24-419-20	210331	2021-04-27T14:52:36Z	604		0	15		2,10,20,40,50,84,98,100,126,176,200,300,400,500,604	11.870,11.813,11.699,11.585,11.143,10.331,10.331,10.303,9.020,8.151,8.094,6.477,5.722,4.938,4.746															0	0,0,0,0,0,0,0,0,0,0,0,0,0,0,0			2021-05-09T07:53:45Z	2021-08-09T04:22:35Z	-128.96520484389	41.8108647638512
gp24-419-20	210331	2021-04-27T20:46:00Z	632		0	15		2,10,20,50,72,98,100,116,154,200,300,400,500,548,632	11.942,11.771,11.657,11.351,10.374,10.175,10.153,9.925,8.415,7.859,6.883,6.127,5.486,5.065,4.816															0	0,0,0,0,0,0,0,0,0,0,0,0,0,0,0			2021-05-09T07:53:45Z	2021-08-09T04:22:35Z	-128.884990227695	41.7115967489616
gp24-419-20	210331	2021-04-28T08:13:36Z	466		0	15		2,10,20,50,66,80,98,100,114,134,150,200,300,400,466	11.932,11.583,11.507,11.355,10.809,10.733,10.315,10.289,10.061,8.920,8.748,8.127,7.004,6.186,5.590															0	0,0,0,0,0,0,0,0,0,0,0,0,0,0,0			2021-05-09T07:53:45Z	2021-08-09T04:22:35Z	-128.339189384467	41.4955070362845
gp24-419-20	210331	2021-04-28T11:19:48Z	646		0	15		2,10,20,42,50,60,98,100,134,158,200,300,400,500,646	12.018,11.875,11.789,11.595,11.287,10.943,10.441,10.412,9.538,8.613,8.054,6.957,5.889,5.208,4.850															0	0,0,0,0,0,0,0,0,0,0,0,0,0,0,0			2021-05-09T07:53:45Z	2021-08-09T04:22:35Z	-128.250912133252	41.4982495858205
gp24-419-20	210331	2021-04-28T14:14:12Z	880		0	15		2,10,20,50,98,100,116,148,200,300,350,500,700,878,880	11.916,11.669,11.576,11.182,10.457,10.457,10.217,8.943,8.341,7.221,6.248,5.036,4.611,4.194,4.194															0	0,0,0,0,0,0,0,0,0,0,0,0,0,0,0			2021-05-09T07:53:45Z	2021-08-09T04:22:35Z	-128.168229310475	41.5008183325377
gp24-419-20	210331	2021-04-28T20:19:24Z	600		0	15		2,10,20,50,68,98,100,114,124,148,200,300,400,500,600	11.872,11.648,11.516,11.236,10.663,10.307,10.307,10.195,9.950,8.993,8.196,6.938,6.030,5.373,4.884															0	0,0,0,0,0,0,0,0,0,0,0,0,0,0,0			2021-05-09T07:53:45Z	2021-08-09T04:22:35Z	-127.933279677406	41.5278106806802
gp24-419-20	210331	2021-04-28T22:13:00Z	812		0	15		2,10,20,50,62,98,100,114,144,200,300,388,500,700,812	12.112,11.710,11.584,11.332,11.214,10.252,10.189,9.512,8.495,7.754,6.793,5.958,5.493,4.626,4.232															0	0,0,0,0,0,0,0,0,0,0,0,0,0,0,0			2021-05-09T07:53:45Z	2021-08-09T04:22:35Z	-127.862648531482	41.5201129191977
gp24-419-20	210331	2021-04-29T02:39:24Z	594		0	15		2,6,10,20,32,50,98,100,122,160,200,300,400,500,594	11.776,11.337,11.253,11.086,10.841,10.897,10.430,10.325,9.286,8.491,8.108,6.929,5.862,5.206,4.802															0	0,0,0,0,0,0,0,0,0,0,0,0,0,0,0			2021-05-09T07:53:45Z	2021-08-09T04:22:35Z	-127.692095888771	41.4180092817437
gp24-419-20	210331	2021-04-29T08:24:36Z	504		0	15		2,10,20,50,68,98,100,114,138,176,200,300,400,500,504	11.350,11.249,11.122,11.002,10.850,10.204,10.154,9.856,8.742,8.147,8.096,6.830,5.761,5.020,5.020															0	0,0,0,0,0,0,0,0,0,0,0,0,0,0,0			2021-05-09T07:53:45Z	2021-08-09T04:22:35Z	-127.542989758577	41.3597665165117
gp24-419-20	210331	2021-04-29T14:16:12Z	616		0	15		2,10,20,32,50,98,100,136,200,300,316,400,500,612,616	11.536,10.910,10.614,10.345,10.373,9.856,9.781,8.404,7.915,6.779,6.483,5.753,5.024,4.652,4.652															0	0,0,0,0,0,0,0,0,0,0,0,0,0,0,0			2021-05-09T07:53:45Z	2021-08-09T04:22:35Z	-127.398398156325	41.2805723579129
gp24-419-20	210331	2021-04-29T20:11:12Z	538		0	15		2,10,20,50,80,98,100,124,200,264,300,400,500,514,538	11.568,10.960,10.646,10.098,9.624,8.943,8.896,8.395,7.767,7.006,6.297,5.382,4.908,4.888,5.042															0	0,0,0,0,0,0,0,0,0,0,0,0,0,0,0			2021-05-09T07:53:45Z	2021-08-09T04:22:35Z	-127.36953519719	41.1918185653941
gp24-419-20	210331	2021-04-30T02:43:48Z	576		0	15		2,10,20,50,80,98,100,118,144,200,300,400,500,572,576	11.330,10.734,10.539,10.093,10.049,9.089,8.963,8.838,8.128,7.808,6.967,6.056,5.347,5.052,5.052															0	0,0,0,0,0,0,0,0,0,0,0,0,0,0,0			2021-05-09T07:53:45Z	2021-08-09T04:22:35Z	-127.049463407055	40.9832311576456
gp24-419-20	210331	2021-04-30T14:56:24Z	674		0	15		2,10,20,50,74,86,98,100,116,200,264,300,400,500,674	12.388,11.779,11.656,11.355,10.992,9.875,9.420,9.273,8.934,8.518,7.847,7.091,5.881,5.279,4.678															0	0,0,0,0,0,0,0,0,0,0,0,0,0,0,0			2021-05-09T07:53:45Z	2021-08-09T04:22:35Z	-126.625328013114	40.7208054381715
gp24-419-20	210331	2021-04-30T20:21:12Z	620		0	15		2,10,20,50,72,98,100,108,122,200,282,300,400,500,620	12.768,12.411,11.684,11.282,10.985,9.968,9.938,9.767,8.920,8.541,6.937,6.848,6.358,6.009,5.340															0	0,0,0,0,0,0,0,0,0,0,0,0,0,0,0			2021-05-09T07:53:45Z	2021-08-09T04:22:35Z	-126.525883912512	40.6935696332114
gp24-419-20	210331	2021-04-30T23:36:00Z	766		0	14		2,10,20,50,98,100,106,144,200,300,360,500,700,766	12.164,11.705,11.457,11.247,9.964,9.816,9.443,8.775,8.440,7.189,6.217,5.331,4.538,4.390															0	0,0,0,0,0,0,0,0,0,0,0,0,0,0			2021-05-09T07:53:45Z	2021-08-09T04:22:35Z	-126.387335179893	40.6034415904344
gp24-419-20	210331	2021-05-01T02:57:48Z	574		0	14		2,10,20,50,82,98,100,104,126,200,300,400,500,574	12.780,12.086,11.758,11.193,11.010,10.530,10.324,9.874,9.065,8.501,7.151,6.014,5.388,5.152															0	0,0,0,0,0,0,0,0,0,0,0,0,0,0			2021-05-09T07:53:45Z	2021-08-09T04:22:35Z	-126.389392025129	40.5093488619422
gp24-419-20	210331	2021-05-01T14:26:48Z	564		0	15		2,10,14,20,50,76,100,118,138,200,256,300,400,500,564	11.622,11.468,11.294,10.613,9.880,9.578,8.922,9.199,9.122,8.067,7.155,6.756,5.946,5.541,5.194															0	0,0,0,0,0,0,0,0,0,0,0,0,0,0,0			2021-05-09T07:53:45Z	2021-08-09T04:22:35Z	-126.080014279608	40.1530774995386
gp24-419-20	210331	2021-05-01T20:16:48Z	588		0	14		2,10,20,50,64,84,98,100,200,300,366,400,500,588	11.562,11.462,11.067,10.647,10.528,9.738,9.519,9.494,7.996,6.667,6.347,5.883,5.589,5.294															0	0,0,0,0,0,0,0,0,0,0,0,0,0,0			2021-05-09T07:53:45Z	2021-08-09T04:22:35Z	-125.97109335487	40.1432548518888
gp24-419-20	210331	2021-05-02T02:45:00Z	520		0	15		2,10,20,50,72,88,98,100,138,158,200,300,400,500,520	11.534,11.509,11.408,11.138,10.938,9.732,9.682,9.682,9.092,8.382,7.962,6.706,5.721,5.300,5.256															0	0,0,0,0,0,0,0,0,0,0,0,0,0,0,0			2021-05-09T07:53:45Z	2021-08-09T04:22:35Z	-125.774704955923	39.8819411688237
gp24-419-20	210331	2021-05-03T02:26:36Z	688		0	15		2,10,18,20,26,32,50,98,100,200,220,300,400,500,688	11.212,11.132,10.918,10.684,9.823,9.242,8.748,8.147,8.120,7.098,7.098,6.130,5.549,5.108,4.534															0	0,0,0,0,0,0,0,0,0,0,0,0,0,0,0			2021-05-09T07:53:45Z	2021-08-09T04:22:35Z	-125.274635059697	39.2826983460826
gp24-419-20	210331	2021-05-03T14:22:12Z	502		0	15		2,10,20,50,98,100,200,240,300,316,328,350,400,500,502	10.416,10.396,10.356,9.410,8.539,8.519,7.513,6.899,6.803,6.627,6.094,6.134,5.636,5.384,5.384															0	0,0,0,0,0,0,0,0,0,0,0,0,0,0,0			2021-05-09T07:53:45Z	2021-08-09T04:22:35Z	-124.889639661959	38.9571003956089
gp24-419-20	210331	2021-05-04T02:25:00Z	526		0	15		2,10,20,40,50,62,98,100,200,300,328,354,400,500,526	10.944,10.921,10.898,10.806,9.812,9.094,8.709,8.709,7.404,6.548,6.479,5.939,5.646,5.238,5.198															0	0,0,0,0,0,0,0,0,0,0,0,0,0,0,0			2021-05-09T07:53:45Z	2021-08-09T04:22:35Z	-124.335963538449	38.773260461893
gp24-419-20	210331	2021-05-04T08:21:12Z	498		0	15		2,10,20,50,62,98,100,150,200,300,360,400,452,496,498	10.692,10.672,10.652,9.948,9.268,8.801,8.782,8.236,7.963,6.990,6.430,6.449,6.291,5.730,5.730															0	0,0,0,0,0,0,0,0,0,0,0,0,0,0,0			2021-05-09T07:53:45Z	2021-08-09T04:22:35Z	-124.140376588131	38.7027167203233
gp24-419-20	210331	2021-05-04T16:40:24Z	604		0	15		2,10,20,50,100,102,116,178,200,248,282,300,400,500,604	10.038,10.002,9.895,9.793,9.093,9.111,8.741,8.059,7.586,7.640,7.149,7.082,6.347,5.839,5.580															0	0,0,0,0,0,0,0,0,0,0,0,0,0,0,0			2021-05-09T07:53:45Z	2021-08-09T04:22:35Z	-123.803130037696	38.502759353501
gp24-419-20	210331	2021-05-05T10:14:00Z	76		0	15		2,10,20,30,32,40,50,54,58,60,64,70,72,75,76	9.265,9.263,9.266,9.262,9.266,9.254,9.237,9.235,9.227,9.229,9.219,9.221,9.214,9.218,9.216															0	0,0,0,0,0,0,0,0,0,0,0,0,0,0,0			2021-05-09T07:53:45Z	2021-08-09T04:22:35Z	-123.495117887661	38.0276018928376
gp24-419-20	210331	2021-05-06T08:15:00Z	790		0	15		2,10,20,50,72,98,100,136,200,300,454,500,566,700,790	10.208,10.187,10.104,9.736,8.760,8.392,8.376,7.924,7.867,7.317,6.565,6.092,5.688,5.340,5.018															0	0,0,0,0,0,0,0,0,0,0,0,0,0,0,0			2021-05-09T07:53:45Z	2021-08-09T04:22:35Z	-123.196568066863	37.3754541368311
gp24-419-20	210331	2021-05-06T14:26:48Z	458		0	15		2,10,20,26,50,58,98,100,150,176,200,300,400,448,458	11.134,11.061,10.970,10.866,9.560,9.206,8.742,8.724,8.492,7.832,7.887,6.813,6.636,6.586,6.586															0	0,0,0,0,0,0,0,0,0,0,0,0,0,0,0			2021-05-09T07:53:45Z	2021-08-09T04:22:35Z	-122.894929733873	37.2522825756458
gp24-419-20	210331	2021-05-06T20:17:24Z	472		0	15		2,10,20,28,34,50,70,98,100,118,150,200,300,400,472	11.588,11.506,11.363,11.005,10.443,9.723,9.222,8.982,8.961,8.599,8.461,8.077,7.239,6.636,6.478															0	0,0,0,0,0,0,0,0,0,0,0,0,0,0,0			2021-05-09T07:53:45Z	2021-08-09T04:22:35Z	-122.783063058678	37.1489821047162
gp24-419-20	210331	2021-05-06T21:25:48Z	632		0	15		2,10,20,50,66,98,100,200,216,260,300,400,500,590,632	11.598,11.530,11.371,10.035,9.341,8.784,8.762,8.051,7.784,7.625,7.250,6.761,6.380,6.181,5.914															0	0,0,0,0,0,0,0,0,0,0,0,0,0,0,0			2021-05-09T07:53:45Z	2021-08-09T04:22:35Z	-122.720936506467	37.1157404892982
