REF	PTT	END_DATE	MAX_DBAR	CNT	NUM	N_TEMP	N_PHOTO	TEMP_DBAR	TEMP_VALS	N_COND	COND_DBAR	COND_VALS	N_SAL	SAL_DBAR	SAL_VALS	N_FLUORO	FLUORO_DBAR	FLUORO_VALS	N_OXY	OXY_DBAR	OXY_VALS	PHOTO_DBAR	PHOTO_VALS	QC_PROFILE	QC_TEMP	QC_SAL	SAL_CORRECTED_VALS	CREATED	MODIFIED	LON	LAT
gp24-420-20	210332	2021-02-18T21:20:36Z	270		0	15		2,10,20,30,46,50,75,98,100,128,150,178,200,242,270	12.158,12.069,12.052,11.999,11.463,10.976,10.228,10.020,9.967,9.206,9.033,8.666,8.564,7.953,7.732															0	0,0,0,0,0,0,0,0,0,0,0,0,0,0,0			2021-05-10T20:54:42Z	2021-08-06T07:13:27Z	-123.020538629682	37.0473010214212
gp24-420-20	210332	2021-02-18T21:49:48Z	410		0	14		2,10,20,42,50,60,70,98,100,150,200,300,400,410	12.132,12.045,12.024,11.959,11.472,10.579,10.179,9.708,9.670,9.010,8.502,7.420,6.760,6.722															0	0,0,0,0,0,0,0,0,0,0,0,0,0,0			2021-05-10T20:54:42Z	2021-08-06T07:13:27Z	-123.041178125002	37.0451220070768
gp24-420-20	210332	2021-02-19T09:38:00Z	322		0	15		2,10,20,30,50,60,66,78,98,100,150,200,254,300,322	12.154,11.946,11.905,11.905,11.889,11.640,10.809,10.114,9.584,9.563,8.831,8.385,7.549,7.222,6.962															0	0,0,0,0,0,0,0,0,0,0,0,0,0,0,0			2021-05-10T20:54:42Z	2021-08-06T07:13:27Z	-123.529493895256	37.0285792142686
gp24-420-20	210332	2021-02-20T03:08:00Z	260		0	15		2,10,20,30,50,75,88,98,100,112,124,134,150,200,260	12.068,12.015,11.791,11.619,11.566,11.064,10.514,10.338,10.237,9.440,9.286,8.907,8.802,8.251,7.666															0	0,0,0,0,0,0,0,0,0,0,0,0,0,0,0			2021-05-10T20:54:42Z	2021-08-06T07:13:27Z	-124.07502142149	37.1818348444753
gp24-420-20	210332	2021-02-20T03:56:12Z	338		0	15		2,10,20,30,50,74,98,100,112,150,200,224,244,300,338	12.104,12.034,11.781,11.617,11.364,11.247,10.166,9.843,9.133,8.739,8.281,8.117,7.541,6.690,6.232															0	0,0,0,0,0,0,0,0,0,0,0,0,0,0,0			2021-05-10T20:54:42Z	2021-08-06T07:13:27Z	-124.116689397282	37.2036316626255
gp24-420-20	210332	2021-02-20T15:03:24Z	222		0	15		2,10,20,30,40,44,50,75,86,98,100,108,150,200,222	11.882,11.865,11.651,11.041,10.642,10.381,10.247,9.524,9.276,9.145,9.095,8.880,8.519,7.972,7.678															0	0,0,0,0,0,0,0,0,0,0,0,0,0,0,0			2021-05-10T20:54:42Z	2021-08-06T07:13:27Z	-124.529795648704	37.265221137725
gp24-420-20	210332	2021-02-21T09:07:48Z	254		0	15		2,10,20,30,46,50,64,68,70,75,98,100,150,200,254	11.111,11.111,11.126,11.201,11.111,11.216,11.171,10.935,10.713,10.522,9.494,9.464,8.830,8.214,7.464															0	0,0,0,0,0,0,0,0,0,0,0,0,0,0,0			2021-05-10T20:54:42Z	2021-08-06T07:13:27Z	-125.030012285147	37.5752812902954
gp24-420-20	210332	2021-02-21T11:16:00Z	358		0	15		2,10,20,30,42,50,60,74,98,100,150,200,240,300,358	11.164,11.164,11.183,11.203,11.222,10.975,10.515,10.404,9.475,9.436,8.773,8.221,7.539,6.910,6.382															0	0,0,0,0,0,0,0,0,0,0,0,0,0,0,0			2021-05-10T20:54:42Z	2021-08-06T07:13:27Z	-125.054925099869	37.5990938113141
gp24-420-20	210332	2021-02-21T15:22:24Z	460		0	15		2,10,20,50,72,98,100,120,130,150,200,300,400,412,460	11.189,11.189,11.189,11.302,10.992,9.533,9.488,9.201,8.936,8.846,8.316,7.122,6.107,5.888,5.668															0	0,0,0,0,0,0,0,0,0,0,0,0,0,0,0			2021-05-10T20:54:42Z	2021-08-06T07:13:27Z	-125.136841301898	37.6543656890391
gp24-420-20	210332	2021-02-22T02:48:12Z	452		0	15		2,10,20,50,60,74,98,100,118,150,200,268,300,400,452	11.510,11.487,11.487,11.257,10.359,10.359,9.587,9.587,8.776,8.776,8.143,7.423,6.721,5.909,5.754															0	0,0,0,0,0,0,0,0,0,0,0,0,0,0,0			2021-05-10T20:54:42Z	2021-08-06T07:13:27Z	-125.41928681122	37.8457200397811
gp24-420-20	210332	2021-02-22T09:17:12Z	368		0	15		2,10,20,30,40,50,76,98,100,124,150,200,276,300,368	10.917,10.897,10.897,10.878,10.802,10.391,10.974,9.377,9.339,8.588,8.478,7.914,7.129,6.546,6.192															0	0,0,0,0,0,0,0,0,0,0,0,0,0,0,0			2021-05-10T20:54:42Z	2021-08-06T07:13:27Z	-125.54332576272	37.9652802082763
gp24-420-20	210332	2021-02-22T15:14:36Z	490		0	15		2,10,20,50,64,98,100,150,172,200,274,300,340,400,490	11.130,11.130,11.130,10.970,10.233,9.582,9.536,8.570,8.279,8.262,7.227,7.136,6.513,6.107,5.416															0	0,0,0,0,0,0,0,0,0,0,0,0,0,0,0			2021-05-10T20:54:42Z	2021-08-06T07:13:27Z	-125.660059072763	38.09445308684
gp24-420-20	210332	2021-02-23T09:30:00Z	370		0	15		2,10,20,30,50,72,84,100,106,114,134,150,200,300,370	12.256,12.280,12.280,12.280,12.256,12.113,10.542,11.014,11.086,10.894,9.324,8.834,8.458,7.568,6.308															0	0,0,0,0,0,0,0,0,0,0,0,0,0,0,0			2021-05-10T20:54:42Z	2021-08-06T07:13:27Z	-125.745845203981	38.5102657729177
gp24-420-20	210332	2021-02-23T15:30:00Z	488		0	15		2,10,20,50,84,100,112,128,150,200,234,278,300,400,488	12.092,12.092,12.118,12.039,10.339,9.925,10.083,9.492,9.104,8.251,8.329,7.325,7.042,6.090,5.552															0	0,0,0,0,0,0,0,0,0,0,0,0,0,0,0			2021-05-10T20:54:42Z	2021-08-06T07:13:27Z	-125.801325011993	38.6511226233071
gp24-420-20	210332	2021-02-24T08:13:00Z	488		0	15		2,10,20,50,84,90,98,100,112,122,150,200,300,400,488	12.114,12.088,12.114,12.062,11.908,11.501,10.417,10.185,10.062,9.533,9.578,8.823,7.604,6.623,5.662															0	0,0,0,0,0,0,0,0,0,0,0,0,0,0,0			2021-05-10T20:54:42Z	2021-08-06T07:13:27Z	-126.038912305429	39.1191765634833
gp24-420-20	210332	2021-02-24T14:21:12Z	482		0	15		2,10,20,50,70,84,98,100,150,200,300,400,426,480,482	11.922,11.922,11.922,11.897,11.645,10.188,10.434,10.340,9.173,8.631,7.371,6.456,5.933,5.618,5.618															0	0,0,0,0,0,0,0,0,0,0,0,0,0,0,0			2021-05-10T20:54:42Z	2021-08-06T07:13:27Z	-126.012619565435	39.3262592411745
gp24-420-20	210332	2021-02-24T20:17:00Z	566		0	15		2,10,20,50,70,98,100,134,200,300,338,400,438,500,566	11.710,11.684,11.710,11.529,11.070,9.855,9.803,9.577,8.769,7.651,7.347,6.513,5.899,5.569,5.246															0	0,0,0,0,0,0,0,0,0,0,0,0,0,0,0			2021-05-10T20:54:42Z	2021-08-06T07:13:27Z	-126.052359537225	39.4872646274738
gp24-420-20	210332	2021-02-24T21:06:12Z	702		0	15		2,10,20,50,62,80,98,100,200,300,352,444,500,700,702	11.708,11.708,11.680,11.624,11.069,10.655,9.749,9.749,8.788,7.714,7.243,5.839,5.537,4.688,4.688															0	0,0,0,0,0,0,0,0,0,0,0,0,0,0,0			2021-05-10T20:54:42Z	2021-08-06T07:13:27Z	-126.058393536948	39.5064376017968
gp24-420-20	210332	2021-02-25T08:19:36Z	500		0	15		2,10,20,50,80,84,90,98,100,118,150,200,300,400,500	11.836,11.836,11.836,11.811,11.684,11.463,10.690,10.019,9.899,9.177,8.158,6.968,6.025,5.506,5.506															0	0,0,0,0,0,0,0,0,0,0,0,0,0,0,0			2021-05-10T20:54:42Z	2021-08-06T07:13:27Z	-125.981148035035	39.7941466774124
gp24-420-20	210332	2021-02-25T15:09:12Z	380		0	15		2,10,20,30,50,78,82,86,98,100,106,150,200,300,380	11.982,11.982,12.006,11.982,11.982,11.818,11.542,10.807,9.562,9.421,9.191,8.892,8.157,7.006,6.130															0	0,0,0,0,0,0,0,0,0,0,0,0,0,0,0			2021-05-10T20:54:42Z	2021-08-06T07:13:27Z	-125.94821546331	39.9879703213698
gp24-420-20	210332	2021-02-25T15:39:12Z	522		0	15		2,10,20,50,82,88,98,100,118,150,200,300,400,500,522	11.979,12.006,12.006,12.006,11.816,11.333,9.844,9.626,9.068,8.885,8.137,6.960,5.947,5.226,5.206															0	0,0,0,0,0,0,0,0,0,0,0,0,0,0,0			2021-05-10T20:54:42Z	2021-08-06T07:13:27Z	-125.945756973755	40.0058257043848
gp24-420-20	210332	2021-02-26T02:08:48Z	480		0	15		2,10,20,50,72,88,98,100,122,128,150,200,300,400,480	11.995,12.022,12.022,11.995,11.783,10.091,9.547,9.494,9.129,8.843,8.664,8.060,6.733,5.877,5.386															0	0,0,0,0,0,0,0,0,0,0,0,0,0,0,0			2021-05-10T20:54:42Z	2021-08-06T07:13:27Z	-125.865547892355	40.1656569091898
gp24-420-20	210332	2021-02-26T03:40:36Z	748		0	15		2,10,20,50,58,64,78,98,100,128,200,300,500,700,748	11.957,11.988,11.988,11.927,11.743,11.177,10.901,9.493,9.401,8.835,8.169,6.730,5.260,4.479,4.334															0	0,0,0,0,0,0,0,0,0,0,0,0,0,0,0			2021-05-10T20:54:42Z	2021-08-06T07:13:27Z	-125.846657670894	40.2343371604465
gp24-420-20	210332	2021-02-26T20:22:36Z	572		0	15		2,10,20,50,60,64,80,98,100,108,200,300,400,500,572	11.266,11.241,11.113,10.763,10.413,9.891,9.617,8.865,8.840,8.540,7.490,6.445,5.669,5.146,4.898															0	0,0,0,0,0,0,0,0,0,0,0,0,0,0,0			2021-05-10T20:54:42Z	2021-08-06T07:13:27Z	-125.819577638501	40.7140267788999
gp24-420-20	210332	2021-02-27T20:18:24Z	530		0	14		2,10,20,38,50,56,80,98,100,200,300,400,500,530	11.154,11.129,11.129,11.005,10.398,9.840,8.985,8.676,8.626,7.480,6.340,5.417,5.001,4.958															0	0,0,0,0,0,0,0,0,0,0,0,0,0,0			2021-05-10T20:54:42Z	2021-08-06T07:13:27Z	-126.025700784921	41.3530875040747
gp24-420-20	210332	2021-02-28T09:04:48Z	306		0	15		2,10,20,30,50,56,74,98,100,140,150,158,200,300,306	10.920,10.938,10.938,10.920,10.883,10.753,9.415,9.037,9.019,8.746,8.529,8.276,7.768,6.338,6.324															0	0,0,0,0,0,0,0,0,0,0,0,0,0,0,0			2021-05-10T20:54:42Z	2021-08-06T07:13:27Z	-126.025119946871	41.5284006273402
gp24-420-20	210332	2021-02-28T20:14:00Z	502		0	15		2,10,20,50,58,70,80,98,100,200,246,300,400,500,502	10.528,10.486,10.464,10.464,10.359,9.612,9.236,8.945,8.929,7.680,6.933,6.415,5.732,5.234,5.234															0	0,0,0,0,0,0,0,0,0,0,0,0,0,0,0			2021-05-10T20:54:42Z	2021-08-06T07:13:27Z	-126.122058963583	41.706825732263
gp24-420-20	210332	2021-02-28T20:46:48Z	596		0	15		2,10,20,50,60,70,98,100,128,200,236,300,400,500,596	10.622,10.436,10.389,10.343,10.302,9.639,8.906,8.906,8.703,7.859,7.132,6.446,5.737,5.190,4.806															0	0,0,0,0,0,0,0,0,0,0,0,0,0,0,0			2021-05-10T20:54:42Z	2021-08-06T07:13:27Z	-126.124710915068	41.7172600443744
gp24-420-20	210332	2021-03-01T09:10:36Z	370		0	15		2,10,20,30,50,74,92,98,100,114,150,200,282,300,370	10.394,10.321,10.267,10.267,10.267,10.126,8.969,8.951,8.951,8.293,7.812,7.367,6.051,6.119,5.856															0	0,0,0,0,0,0,0,0,0,0,0,0,0,0,0			2021-05-10T20:54:42Z	2021-08-06T07:13:27Z	-126.218749592972	41.9473713513061
gp24-420-20	210332	2021-03-01T20:32:00Z	658		0	15		2,10,20,50,70,76,84,98,100,200,300,400,500,654,658	10.276,10.183,10.137,10.044,9.772,9.430,8.480,8.231,8.208,7.275,5.844,5.299,5.027,4.482,4.482															0	0,0,0,0,0,0,0,0,0,0,0,0,0,0,0			2021-05-10T20:54:42Z	2021-08-06T07:13:27Z	-126.430996432948	42.1520116206836
gp24-420-20	210332	2021-03-02T03:30:48Z	416		0	15		2,10,20,50,68,84,98,100,108,150,200,300,400,414,416	10.296,10.193,10.131,10.090,9.971,8.796,8.393,8.352,8.172,7.950,7.182,6.006,5.217,5.140,5.140															0	0,0,0,0,0,0,0,0,0,0,0,0,0,0,0			2021-05-10T20:54:42Z	2021-08-06T07:13:27Z	-126.472844454596	42.3365065982776
gp24-420-20	210332	2021-03-02T15:11:48Z	376		0	15		2,10,20,30,50,80,98,100,150,200,210,282,300,310,376	10.236,10.215,10.088,10.024,9.944,8.651,8.258,8.258,7.718,7.034,6.991,5.761,5.660,5.454,4.934															0	0,0,0,0,0,0,0,0,0,0,0,0,0,0,0			2021-05-10T20:54:42Z	2021-08-06T07:13:27Z	-126.658723448276	42.5697575862063
gp24-420-20	210332	2021-03-02T16:06:24Z	542		0	15		2,10,20,50,74,98,100,148,200,300,330,382,400,500,542	10.152,10.130,10.063,9.848,8.762,8.259,8.237,7.827,7.024,5.502,5.159,4.915,4.981,4.743,4.616															0	0,0,0,0,0,0,0,0,0,0,0,0,0,0,0			2021-05-10T20:54:42Z	2021-08-06T07:13:27Z	-126.655727979829	42.6118555532503
gp24-420-20	210332	2021-03-02T20:35:36Z	760		0	15		2,10,20,50,62,82,98,100,136,200,300,364,500,700,760	10.188,10.164,10.092,10.044,9.924,8.681,8.351,8.255,8.045,7.192,6.063,5.145,4.959,4.322,4.184															0	0,0,0,0,0,0,0,0,0,0,0,0,0,0,0			2021-05-10T20:54:42Z	2021-08-06T07:13:27Z	-126.758341273308	42.7239765458168
gp24-420-20	210332	2021-03-03T03:54:24Z	486		0	15		2,10,20,50,56,66,86,98,100,150,200,240,300,400,486	10.190,10.169,10.128,9.984,9.804,9.176,8.492,8.250,8.188,7.725,7.118,6.495,6.032,5.363,5.044															0	0,0,0,0,0,0,0,0,0,0,0,0,0,0,0			2021-05-10T20:54:42Z	2021-08-06T07:13:27Z	-126.767092516545	42.909433118146
gp24-420-20	210332	2021-03-03T08:45:48Z	504		0	15		2,10,20,44,50,62,94,100,102,200,300,360,400,500,504	10.137,10.158,10.137,9.973,9.651,8.666,8.143,8.164,8.205,7.082,6.093,5.591,5.432,5.047,5.032															0	0,0,0,0,0,0,0,0,0,0,0,0,0,0,0			2021-05-10T20:54:42Z	2021-08-06T07:13:27Z	-126.865743065245	43.0137252624679
gp24-420-20	210332	2021-03-03T15:17:00Z	460		0	15		2,10,20,38,50,74,98,100,150,200,234,300,362,400,460	10.106,10.106,10.087,10.049,9.787,8.684,8.332,8.256,7.752,7.195,6.748,6.187,5.721,5.574,5.350															0	0,0,0,0,0,0,0,0,0,0,0,0,0,0,0			2021-05-10T20:54:42Z	2021-08-06T07:13:27Z	-126.916116631016	43.1490775646872
gp24-420-20	210332	2021-03-03T20:14:00Z	648		0	15		2,10,20,50,66,98,100,110,200,264,300,400,500,534,648	10.138,10.115,10.115,10.093,10.002,8.821,8.753,8.423,7.288,6.459,6.215,5.550,5.215,4.880,4.460															0	0,0,0,0,0,0,0,0,0,0,0,0,0,0,0			2021-05-10T20:54:42Z	2021-08-06T07:13:27Z	-126.907179707936	43.2214671116921
gp24-420-20	210332	2021-03-04T08:32:00Z	518		0	15		2,10,20,50,58,78,98,100,200,300,376,400,430,500,518	10.252,10.252,10.231,10.045,9.906,8.811,8.790,8.749,7.674,6.868,6.300,5.856,5.489,5.163,5.086															0	0,0,0,0,0,0,0,0,0,0,0,0,0,0,0			2021-05-10T20:54:42Z	2021-08-06T07:13:27Z	-127.04604932728	43.4855352921161
gp24-420-20	210332	2021-03-04T15:22:36Z	464		0	15		2,10,20,50,62,80,90,98,100,150,200,268,300,400,464	9.824,9.824,9.824,9.532,8.697,8.540,8.984,9.036,9.019,8.610,7.874,6.904,6.751,5.898,5.472															0	0,0,0,0,0,0,0,0,0,0,0,0,0,0,0			2021-05-10T20:54:42Z	2021-08-06T07:13:27Z	-127.277179931302	43.6506453531766
gp24-420-20	210332	2021-03-04T22:08:36Z	754		0	15		2,10,20,50,64,72,100,138,200,232,300,464,500,700,754	9.710,9.689,9.647,9.668,9.710,9.442,9.210,8.448,7.954,7.707,6.860,5.483,5.356,4.594,4.452															0	0,0,0,0,0,0,0,0,0,0,0,0,0,0,0			2021-05-10T20:54:42Z	2021-08-06T07:13:27Z	-127.259316548459	43.8026831994475
gp24-420-20	210332	2021-03-05T02:25:12Z	602		0	15		2,10,20,50,60,88,100,138,170,200,300,400,434,500,602	9.716,9.716,9.696,9.716,9.754,8.980,9.316,8.960,8.354,8.037,6.959,6.113,5.752,5.430,4.944															0	0,0,0,0,0,0,0,0,0,0,0,0,0,0,0			2021-05-10T20:54:42Z	2021-08-06T07:13:27Z	-127.295862676605	43.8911145050731
gp24-420-20	210332	2021-03-05T03:57:12Z	722		0	15		2,10,20,50,82,100,106,200,274,300,378,470,500,700,722	9.764,9.764,9.743,9.722,9.211,9.190,9.247,8.470,7.489,6.957,6.383,5.443,5.339,4.583,4.546															0	0,0,0,0,0,0,0,0,0,0,0,0,0,0,0			2021-05-10T20:54:42Z	2021-08-06T07:13:27Z	-127.344420421686	43.9095176945381
gp24-420-20	210332	2021-03-05T15:26:36Z	630		0	15		2,10,20,50,64,74,92,100,138,158,200,300,400,500,630	9.812,9.812,9.832,9.812,9.614,8.470,8.663,9.109,8.336,8.510,7.945,6.722,5.831,5.380,4.880															0	0,0,0,0,0,0,0,0,0,0,0,0,0,0,0			2021-05-10T20:54:42Z	2021-08-06T07:13:27Z	-127.708849763049	44.2166372607401
gp24-420-20	210332	2021-03-05T21:08:00Z	574		0	15		2,10,20,50,72,100,128,200,300,400,432,444,500,570,574	9.812,9.793,9.774,9.755,9.586,8.422,8.535,7.720,6.928,6.005,5.835,5.543,5.354,5.100,5.100															0	0,0,0,0,0,0,0,0,0,0,0,0,0,0,0			2021-05-10T20:54:42Z	2021-08-06T07:13:27Z	-127.555138012637	44.306193905742
gp24-420-20	210332	2021-03-06T03:33:24Z	592		0	15		2,10,20,50,70,82,90,98,100,156,200,300,400,500,592	9.625,9.625,9.625,9.644,9.740,9.007,9.251,8.988,8.969,8.782,8.198,6.900,6.114,5.343,4.950															0	0,0,0,0,0,0,0,0,0,0,0,0,0,0,0			2021-05-10T20:54:42Z	2021-08-06T07:13:27Z	-127.696272277963	44.4148169121667
gp24-420-20	210332	2021-03-06T14:09:48Z	454		0	15		2,10,20,50,86,98,100,108,150,200,300,320,400,428,454	9.708,9.726,9.726,9.726,9.652,9.126,8.946,8.457,7.880,7.589,6.195,5.867,5.235,5.110,5.110															0	0,0,0,0,0,0,0,0,0,0,0,0,0,0,0			2021-05-10T20:54:42Z	2021-08-06T07:13:27Z	-128.045825120016	44.5545323121312
gp24-420-20	210332	2021-03-06T20:30:00Z	622		0	15		2,10,20,50,84,98,100,106,126,200,244,300,400,500,622	9.922,9.922,9.922,9.901,9.772,8.740,8.611,8.380,7.983,7.623,7.204,6.382,5.388,4.926,4.550															0	0,0,0,0,0,0,0,0,0,0,0,0,0,0,0			2021-05-10T20:54:42Z	2021-08-06T07:13:27Z	-127.989395158414	44.65960975357
gp24-420-20	210332	2021-03-07T15:31:48Z	384		0	15		2,10,20,30,50,98,100,106,118,130,150,168,200,300,384	9.956,9.956,9.956,9.956,9.974,9.938,9.920,9.756,8.671,8.104,8.190,7.745,7.763,6.392,5.434															0	0,0,0,0,0,0,0,0,0,0,0,0,0,0,0			2021-05-10T20:54:42Z	2021-08-06T07:13:27Z	-128.540274068321	44.7833594190788
gp24-420-20	210332	2021-03-08T09:05:36Z	302		0	15		2,10,20,30,50,82,98,100,104,120,132,150,200,300,302	9.720,9.720,9.720,9.720,9.734,9.666,9.451,9.359,8.984,7.940,7.633,7.514,7.419,6.348,6.324															0	0,0,0,0,0,0,0,0,0,0,0,0,0,0,0			2021-05-10T20:54:42Z	2021-08-06T07:13:27Z	-129.039965342287	44.9872759228335
gp24-420-20	210332	2021-03-08T15:09:00Z	454		0	15		2,10,20,50,90,98,100,114,150,200,228,258,300,400,454	9.898,9.878,9.837,9.616,9.534,9.115,8.971,8.106,7.307,7.205,6.703,6.621,6.022,5.054,4.778															0	0,0,0,0,0,0,0,0,0,0,0,0,0,0,0			2021-05-10T20:54:42Z	2021-08-06T07:13:27Z	-128.991835601289	45.0295499412948
gp24-420-20	210332	2021-03-08T20:42:48Z	646		0	15		2,10,20,50,90,98,100,116,152,200,300,400,500,644,646	9.644,9.602,9.602,9.602,9.560,9.168,8.964,8.164,7.448,7.427,6.319,5.315,4.698,4.416,4.416															0	0,0,0,0,0,0,0,0,0,0,0,0,0,0,0			2021-05-10T20:54:42Z	2021-08-06T07:13:27Z	-128.726257330867	45.0956706071166
gp24-420-20	210332	2021-03-08T21:12:36Z	734		0	15		2,10,20,50,92,98,100,116,146,200,226,300,500,700,734	9.686,9.620,9.620,9.598,9.576,9.228,8.991,8.257,7.495,7.346,7.280,6.221,4.725,4.251,4.168															0	0,0,0,0,0,0,0,0,0,0,0,0,0,0,0			2021-05-10T20:54:42Z	2021-08-06T07:13:27Z	-128.704131162948	45.105291482086
gp24-420-20	210332	2021-03-09T08:57:12Z	464		0	15		2,10,20,50,88,98,100,120,150,200,284,300,326,400,464	9.722,9.703,9.703,9.703,9.384,9.066,8.975,7.929,7.577,7.444,6.640,6.383,5.841,5.242,4.966															0	0,0,0,0,0,0,0,0,0,0,0,0,0,0,0			2021-05-10T20:54:42Z	2021-08-06T07:13:27Z	-128.50947933884	45.2055449010384
gp24-420-20	210332	2021-03-09T14:31:12Z	466		0	15		2,10,20,50,98,100,106,112,118,150,200,254,300,400,466	9.349,9.366,9.366,9.366,9.314,9.280,9.008,8.267,8.030,7.689,7.422,7.082,6.340,5.289,5.056															0	0,0,0,0,0,0,0,0,0,0,0,0,0,0,0			2021-05-10T20:54:42Z	2021-08-06T07:13:27Z	-128.40650084406	45.2536620371525
gp24-420-20	210332	2021-03-10T02:25:00Z	582		0	15		2,10,20,50,86,90,98,100,150,162,200,300,400,500,582	9.524,9.347,9.327,9.307,9.194,8.982,8.149,8.036,7.937,7.666,7.375,6.276,5.483,4.862,4.596															0	0,0,0,0,0,0,0,0,0,0,0,0,0,0,0			2021-05-10T20:54:42Z	2021-08-06T07:13:27Z	-128.337482654533	45.4064134893679
gp24-420-20	210332	2021-03-10T15:12:00Z	318		0	15		2,10,20,30,50,80,100,124,132,142,150,170,200,300,318	9.220,9.220,9.208,9.208,9.208,9.091,8.035,8.023,8.228,7.953,7.964,7.988,7.618,6.456,6.286															0	0,0,0,0,0,0,0,0,0,0,0,0,0,0,0			2021-05-10T20:54:42Z	2021-08-06T07:13:27Z	-128.23752594041	45.5899326008691
gp24-420-20	210332	2021-03-10T20:06:36Z	450		0	15		2,10,20,50,80,88,98,100,108,150,190,200,300,400,450	9.132,9.117,9.117,9.117,9.040,8.875,8.391,8.226,8.046,7.654,7.505,7.309,6.587,5.624,5.294															0	0,0,0,0,0,0,0,0,0,0,0,0,0,0,0			2021-05-10T20:54:42Z	2021-08-06T07:13:27Z	-128.261845986557	45.6801396560498
gp24-420-20	210332	2021-03-11T05:53:00Z	760		0	15		2,10,20,50,80,98,100,200,300,404,500,566,700,748,760	9.226,9.246,9.246,9.164,9.042,8.105,8.023,7.346,6.465,5.609,5.130,4.789,4.488,4.152,4.208															0	0,0,0,0,0,0,0,0,0,0,0,0,0,0,0			2021-05-10T20:54:42Z	2021-08-06T07:13:27Z	-128.021678525797	45.8219817199134
gp24-420-20	210332	2021-03-11T08:59:12Z	654		0	15		2,10,20,50,76,92,100,120,138,148,200,300,400,500,654	9.126,9.126,9.126,9.126,9.004,8.078,7.855,8.113,7.773,8.013,7.445,6.917,6.144,5.411,4.760															0	0,0,0,0,0,0,0,0,0,0,0,0,0,0,0			2021-05-10T20:54:42Z	2021-08-06T07:13:27Z	-127.91454191595	45.8262516764807
gp24-420-20	210332	2021-03-11T15:10:24Z	572		0	15		2,10,20,50,64,76,98,100,200,300,356,400,500,520,572	9.085,9.100,9.100,9.085,8.977,8.055,8.267,8.267,7.615,6.952,6.875,6.513,6.027,5.633,5.244															0	0,0,0,0,0,0,0,0,0,0,0,0,0,0,0			2021-05-10T20:54:42Z	2021-08-06T07:13:27Z	-127.683077172961	45.7641385243885
gp24-420-20	210332	2021-03-11T20:14:48Z	618		0	15		2,10,20,50,66,84,100,110,200,300,400,500,542,574,618	9.162,9.093,9.076,9.076,9.007,8.183,7.848,8.200,7.492,6.972,6.431,5.808,5.370,5.302,4.868															0	0,0,0,0,0,0,0,0,0,0,0,0,0,0,0			2021-05-10T20:54:42Z	2021-08-06T07:13:27Z	-127.264961468519	45.6923013975158
gp24-420-20	210332	2021-03-12T02:14:12Z	552		0	15		2,10,20,50,74,86,100,120,162,200,300,372,400,500,552	9.328,9.190,9.173,9.156,9.039,8.125,7.957,8.194,7.737,7.551,6.724,5.926,5.909,5.387,5.016															0	0,0,0,0,0,0,0,0,0,0,0,0,0,0,0			2021-05-10T20:54:42Z	2021-08-06T07:13:27Z	-127.186690570258	45.6608449171048
gp24-420-20	210332	2021-03-12T08:58:36Z	500		0	15		2,10,20,50,76,90,100,128,150,200,300,374,400,494,500	9.304,9.158,9.125,9.125,9.109,8.186,8.235,8.251,7.483,6.642,5.923,5.874,5.252,5.240,5.252															0	0,0,0,0,0,0,0,0,0,0,0,0,0,0,0			2021-05-10T20:54:42Z	2021-08-06T07:13:27Z	-126.994285657768	45.6245322176302
gp24-420-20	210332	2021-03-12T15:11:24Z	316		0	15		2,10,20,30,50,88,98,100,106,116,150,200,300,312,316	9.190,9.167,9.132,9.132,9.120,9.085,8.628,8.526,8.115,7.990,8.127,7.635,6.403,6.278,6.298															0	0,0,0,0,0,0,0,0,0,0,0,0,0,0,0			2021-05-10T20:54:42Z	2021-08-06T07:13:27Z	-126.906912402489	45.5905816530438
gp24-420-20	210332	2021-03-12T20:20:36Z	652		0	15		2,10,20,50,70,92,100,106,116,200,300,400,500,646,652	9.114,8.997,8.959,8.866,8.730,7.910,7.910,7.987,7.628,7.283,6.162,5.419,4.943,4.258,4.258															0	0,0,0,0,0,0,0,0,0,0,0,0,0,0,0			2021-05-10T20:54:42Z	2021-08-06T07:13:27Z	-126.691917074189	45.5234544440457
gp24-420-20	210332	2021-03-13T20:16:24Z	572		0	15		2,10,20,50,72,88,98,100,162,200,272,300,400,500,572	8.718,8.702,8.669,8.442,8.343,7.893,7.794,7.778,7.374,6.870,6.128,5.934,5.369,4.850,4.594															0	0,0,0,0,0,0,0,0,0,0,0,0,0,0,0			2021-05-10T20:54:42Z	2021-08-06T07:13:27Z	-126.485663642677	45.7824926113243
gp24-420-20	210332	2021-03-14T14:11:48Z	526		0	15		2,10,20,50,72,98,100,126,200,300,348,372,400,500,526	9.003,9.003,9.020,9.003,8.801,7.788,7.736,7.753,7.096,6.392,5.903,5.246,5.160,4.825,4.726															0	0,0,0,0,0,0,0,0,0,0,0,0,0,0,0			2021-05-10T20:54:42Z	2021-08-06T07:13:27Z	-125.916256375552	45.592793329411
gp24-420-20	210332	2021-03-14T21:10:00Z	802		0	15		2,10,20,50,72,80,86,98,100,200,300,404,500,700,802	9.363,9.363,9.363,9.385,9.450,9.084,8.528,8.484,8.462,7.371,6.344,5.378,4.909,4.249,3.992															0	0,0,0,0,0,0,0,0,0,0,0,0,0,0,0			2021-05-10T20:54:42Z	2021-08-06T07:13:27Z	-125.514806118015	45.5173975422828
gp24-420-20	210332	2021-03-15T15:40:00Z	586		0	15		2,10,20,50,76,100,116,134,200,290,300,340,400,500,586	9.202,9.202,9.202,9.166,8.759,8.884,8.427,8.656,7.688,6.918,6.708,6.161,5.651,5.037,4.724															0	0,0,0,0,0,0,0,0,0,0,0,0,0,0,0			2021-05-10T20:54:42Z	2021-08-06T07:13:27Z	-125.443092949015	45.63676573823
gp24-420-20	210332	2021-03-16T08:14:12Z	464		0	15		2,10,20,50,78,98,100,116,132,150,200,300,342,400,464	9.139,9.139,9.154,9.184,9.018,8.194,8.119,7.867,7.972,7.780,7.471,6.391,5.981,5.714,5.420															0	0,0,0,0,0,0,0,0,0,0,0,0,0,0,0			2021-05-10T20:54:42Z	2021-08-06T07:13:27Z	-125.01193481913	45.7627673922764
gp24-420-20	210332	2021-03-16T14:25:00Z	494		0	15		2,10,20,50,70,76,86,100,106,150,200,300,400,492,494	9.126,9.126,9.142,9.174,9.126,8.590,8.278,8.326,8.402,7.887,7.603,6.367,5.596,5.176,5.188															0	0,0,0,0,0,0,0,0,0,0,0,0,0,0,0			2021-05-10T20:54:42Z	2021-08-06T07:13:27Z	-124.997712292485	45.8135383534912
gp24-420-20	210332	2021-03-16T15:55:36Z	570		0	15		2,10,20,50,74,100,110,118,200,238,300,400,500,566,570	9.090,9.158,9.141,9.124,8.926,8.098,8.478,8.064,7.498,6.835,6.324,5.530,5.145,4.934,4.934															0	0,0,0,0,0,0,0,0,0,0,0,0,0,0,0			2021-05-10T20:54:42Z	2021-08-06T07:13:27Z	-125.021555176981	45.8399435592402
gp24-420-20	210332	2021-03-17T08:13:00Z	494		0	15		2,10,20,50,68,78,98,100,124,150,200,230,300,400,494	9.158,9.031,9.031,9.047,8.875,8.421,7.967,7.908,7.641,7.720,7.298,6.908,6.422,5.566,5.176															0	0,0,0,0,0,0,0,0,0,0,0,0,0,0,0			2021-05-10T20:54:42Z	2021-08-06T07:13:27Z	-125.474537763278	46.2143171152403
gp24-420-20	210332	2021-03-17T15:14:36Z	316		0	15		2,10,20,30,50,68,90,100,112,132,150,162,200,300,316	8.930,8.918,8.907,8.884,8.849,8.667,7.865,7.796,7.764,7.978,7.718,7.435,7.005,6.110,6.044															0	0,0,0,0,0,0,0,0,0,0,0,0,0,0,0			2021-05-10T20:54:42Z	2021-08-06T07:13:27Z	-125.694946683072	46.1770314476601
gp24-420-20	210332	2021-03-17T19:44:48Z	610		0	15		2,10,20,50,74,88,98,100,148,166,200,300,400,500,610	9.004,8.968,8.968,8.933,8.826,8.062,7.889,7.835,7.502,7.764,7.573,6.195,5.342,4.924,4.560															0	0,0,0,0,0,0,0,0,0,0,0,0,0,0,0			2021-05-10T20:54:42Z	2021-08-06T07:13:27Z	-125.840582123783	46.0457454414075
gp24-420-20	210332	2021-03-18T03:15:36Z	542		0	15		2,10,20,50,70,88,98,100,160,200,300,400,412,500,542	9.158,9.140,9.105,9.015,8.877,8.053,7.880,7.844,7.568,6.971,6.272,5.332,5.069,4.824,4.704															0	0,0,0,0,0,0,0,0,0,0,0,0,0,0,0			2021-05-10T20:54:42Z	2021-08-06T07:13:27Z	-125.907836258218	45.9204356621541
gp24-420-20	210332	2021-03-18T08:20:24Z	516		0	15		2,10,20,38,50,66,82,98,100,128,200,300,400,500,516	9.316,9.316,9.298,9.261,9.028,8.795,8.095,7.771,7.734,7.716,7.126,6.193,5.530,4.959,4.744															0	0,0,0,0,0,0,0,0,0,0,0,0,0,0,0			2021-05-10T20:54:42Z	2021-08-06T07:13:27Z	-125.912090055437	45.8993998815758
gp24-420-20	210332	2021-03-18T17:24:36Z	614		0	15		2,10,20,50,72,76,82,98,100,200,300,386,400,500,614	9.288,9.288,9.288,9.288,9.326,9.095,8.437,8.004,7.966,7.158,6.250,5.534,5.140,4.780,4.520															0	0,0,0,0,0,0,0,0,0,0,0,0,0,0,0			2021-05-10T20:54:42Z	2021-08-06T07:13:27Z	-125.957280339222	45.765494312875
gp24-420-20	210332	2021-03-18T21:28:24Z	316		0	15		2,10,20,30,50,68,82,100,122,150,168,200,232,300,316	9.328,9.315,9.315,9.303,9.240,9.240,8.124,8.510,7.615,7.628,7.878,7.467,6.911,6.266,6.168															0	0,0,0,0,0,0,0,0,0,0,0,0,0,0,0			2021-05-10T20:54:42Z	2021-08-06T07:13:27Z	-125.936347908468	45.7239191835055
gp24-420-20	210332	2021-03-18T21:53:48Z	384		0	15		2,10,20,30,50,66,84,100,104,120,136,150,200,300,384	9.323,9.323,9.323,9.308,9.308,9.338,8.074,8.623,8.683,8.593,7.957,7.942,7.378,6.205,5.554															0	0,0,0,0,0,0,0,0,0,0,0,0,0,0,0			2021-05-10T20:54:42Z	2021-08-06T07:13:27Z	-125.943122610844	45.7194333378127
gp24-420-20	210332	2021-03-19T03:02:12Z	500		0	15		2,10,20,50,76,84,90,98,100,108,150,200,300,400,500	9.348,9.348,9.348,9.348,9.438,9.191,8.572,8.644,8.590,7.903,7.396,6.108,5.475,4.950,4.950															0	0,0,0,0,0,0,0,0,0,0,0,0,0,0,0			2021-05-10T20:54:42Z	2021-08-06T07:13:27Z	-125.792441160345	45.8197639825681
gp24-420-20	210332	2021-03-19T08:09:12Z	478		0	15		2,10,20,50,76,98,100,104,118,128,150,200,300,400,478	9.264,9.264,9.264,9.264,9.386,8.874,8.735,8.566,8.635,8.023,7.936,7.307,6.235,5.437,5.046															0	0,0,0,0,0,0,0,0,0,0,0,0,0,0,0			2021-05-10T20:54:42Z	2021-08-06T07:13:27Z	-125.641308168351	45.9262775152209
gp24-420-20	210332	2021-03-19T21:13:48Z	370		0	15		2,10,20,30,50,74,82,86,100,108,150,170,200,300,370	9.372,9.357,9.357,9.357,9.342,9.327,9.028,8.556,8.616,8.805,8.231,7.785,7.430,6.259,5.594															0	0,0,0,0,0,0,0,0,0,0,0,0,0,0,0			2021-05-10T20:54:42Z	2021-08-06T07:13:27Z	-125.809106990885	45.8273065196127
gp24-420-20	210332	2021-03-20T09:05:12Z	270		0	15		2,10,20,30,50,66,75,78,98,100,124,136,150,200,270	9.305,9.316,9.316,9.316,9.305,9.174,8.538,8.736,8.605,8.605,8.286,8.331,7.991,7.313,6.526															0	0,0,0,0,0,0,0,0,0,0,0,0,0,0,0			2021-05-10T20:54:42Z	2021-08-06T07:13:27Z	-125.910114538177	45.8166178261786
gp24-420-20	210332	2021-03-20T15:07:00Z	220		0	15		2,10,20,30,50,75,84,92,100,102,138,150,200,214,220	9.301,9.301,9.301,9.301,9.310,9.219,8.583,8.583,8.887,8.896,8.295,7.874,7.202,7.024,7.049															0	0,0,0,0,0,0,0,0,0,0,0,0,0,0,0			2021-05-10T20:54:42Z	2021-08-06T07:13:27Z	-125.989554523441	45.8270796768984
gp24-420-20	210332	2021-03-20T21:14:00Z	280		0	15		2,10,20,30,50,75,82,100,106,118,136,150,200,274,280	9.348,9.337,9.326,9.315,9.304,9.032,8.347,8.727,8.924,8.705,7.704,7.815,7.410,6.576,6.595															0	0,0,0,0,0,0,0,0,0,0,0,0,0,0,0			2021-05-10T20:54:42Z	2021-08-06T07:13:27Z	-125.872607044603	45.8461003356262
gp24-420-20	210332	2021-03-21T04:01:48Z	102		0	15		2,10,20,30,40,50,60,68,75,78,84,94,98,100,102	9.263,9.270,9.273,9.273,9.273,9.259,9.235,9.366,9.194,8.639,8.392,8.697,8.712,8.685,8.663															0	0,0,0,0,0,0,0,0,0,0,0,0,0,0,0			2021-05-10T20:54:42Z	2021-08-06T07:13:27Z	-125.820213287513	45.9044406513959
gp24-420-20	210332	2021-03-21T10:24:12Z	110		0	15		2,10,20,30,40,50,60,70,75,94,96,100,104,106,110	9.294,9.291,9.287,9.254,9.226,9.193,9.170,9.271,9.200,8.470,8.505,8.758,8.973,8.983,8.916															0	0,0,0,0,0,0,0,0,0,0,0,0,0,0,0			2021-05-10T20:54:42Z	2021-08-06T07:13:27Z	-125.831377240569	45.9075472469849
gp24-420-20	210332	2021-03-21T10:45:36Z	138		0	15		2,10,20,30,40,50,60,75,80,88,100,106,124,130,138	9.281,9.290,9.281,9.255,9.235,9.192,9.183,9.226,9.137,8.616,8.709,8.951,8.612,8.739,8.210															0	0,0,0,0,0,0,0,0,0,0,0,0,0,0,0			2021-05-10T20:54:42Z	2021-08-06T07:13:27Z	-125.832737720572	45.9077290403778
gp24-420-20	210332	2021-03-21T11:37:36Z	270		0	15		2,10,20,30,50,75,86,100,106,128,150,158,200,232,270	9.264,9.264,9.264,9.244,9.203,9.193,8.617,8.764,8.955,8.635,7.841,7.631,7.423,6.906,6.728															0	0,0,0,0,0,0,0,0,0,0,0,0,0,0,0			2021-05-10T20:54:42Z	2021-08-06T07:13:27Z	-125.836043559812	45.9081707813323
gp24-420-20	210332	2021-03-21T15:15:24Z	212		0	15		2,10,20,30,50,64,75,82,96,100,126,142,150,200,212	9.314,9.322,9.322,9.322,9.330,9.250,8.865,8.324,8.645,8.929,8.739,8.088,7.560,7.356,7.326															0	0,0,0,0,0,0,0,0,0,0,0,0,0,0,0			2021-05-10T20:54:42Z	2021-08-06T07:13:27Z	-125.851386559698	45.9015164165957
gp24-420-20	210332	2021-03-21T17:24:36Z	286		0	15		2,10,20,30,50,70,75,82,98,100,132,150,162,200,286	9.272,9.272,9.248,9.165,9.050,9.225,9.038,8.619,8.898,8.886,8.213,8.225,7.816,7.433,6.306															0	0,0,0,0,0,0,0,0,0,0,0,0,0,0,0			2021-05-10T20:54:42Z	2021-08-06T07:13:27Z	-125.856650022068	45.8970691085599
gp24-420-20	210332	2021-03-22T16:06:12Z	146		0	15		2,10,20,30,40,44,50,60,75,100,102,116,122,132,146	9.322,9.318,9.314,9.318,9.306,9.272,9.021,8.860,8.529,8.845,8.849,8.784,8.605,8.456,8.350															0	0,0,0,0,0,0,0,0,0,0,0,0,0,0,0			2021-05-10T20:54:42Z	2021-08-06T07:13:27Z	-125.930817184057	45.9022946228565
gp24-420-20	210332	2021-03-22T22:45:12Z	126		0	15		2,10,20,30,40,50,60,70,72,75,86,98,100,118,126	9.388,9.352,9.224,9.129,9.033,8.912,8.888,8.955,8.909,8.753,8.484,8.732,8.710,8.866,8.750															0	0,0,0,0,0,0,0,0,0,0,0,0,0,0,0			2021-05-10T20:54:42Z	2021-08-06T07:13:27Z	-125.921617292943	45.8929905027589
gp24-420-20	210332	2021-03-23T04:09:36Z	98		0	15		2,10,20,30,40,50,60,68,70,75,76,78,80,82,98	9.350,9.354,9.348,9.348,9.302,9.228,9.107,9.138,9.052,8.830,8.832,8.881,9.013,9.099,8.865															0	0,0,0,0,0,0,0,0,0,0,0,0,0,0,0			2021-05-10T20:54:42Z	2021-08-06T07:13:27Z	-125.89377526709	45.8178314306147
gp24-420-20	210332	2021-03-23T16:10:00Z	122		0	15		2,10,20,30,40,50,60,70,75,78,84,90,98,100,122	9.282,9.282,9.282,9.316,9.408,9.404,9.302,8.610,8.516,8.440,8.474,8.728,8.728,8.705,8.584															0	0,0,0,0,0,0,0,0,0,0,0,0,0,0,0			2021-05-10T20:54:42Z	2021-08-06T07:13:27Z	-125.762363392774	45.7959837461145
gp24-420-20	210332	2021-03-23T17:37:12Z	158		0	15		2,10,20,30,50,60,75,82,92,100,104,125,146,150,158	9.257,9.247,9.252,9.304,9.420,9.356,8.850,8.485,8.730,8.725,8.755,8.693,8.088,8.119,8.165															0	0,0,0,0,0,0,0,0,0,0,0,0,0,0,0			2021-05-10T20:54:42Z	2021-08-06T07:13:27Z	-125.76259386905	45.7964681919336
gp24-420-20	210332	2021-03-23T22:11:24Z	208		0	15		2,10,20,30,50,66,75,88,100,106,116,140,150,200,208	9.380,9.301,9.288,9.301,9.414,8.991,8.482,8.296,8.256,8.303,8.692,8.230,8.230,7.833,7.728															0	0,0,0,0,0,0,0,0,0,0,0,0,0,0,0			2021-05-10T20:54:42Z	2021-08-06T07:13:27Z	-125.728700450371	45.7974154015274
gp24-420-20	210332	2021-03-24T04:20:48Z	122		0	15		2,10,20,30,40,50,60,68,75,96,100,108,112,120,122	9.354,9.315,9.222,9.218,9.222,9.218,9.206,9.122,8.848,8.370,8.477,8.539,8.651,8.694,8.670															0	0,0,0,0,0,0,0,0,0,0,0,0,0,0,0			2021-05-10T20:54:42Z	2021-08-06T07:13:27Z	-125.670160163646	45.8014736642008
gp24-420-20	210332	2021-03-24T20:27:36Z	530		0	15		2,10,20,50,60,72,88,98,100,146,200,300,400,500,530	9.276,9.243,9.227,9.194,9.177,8.839,9.276,9.128,9.095,8.691,7.883,6.705,5.914,5.333,5.156															0	0,0,0,0,0,0,0,0,0,0,0,0,0,0,0			2021-05-10T20:54:42Z	2021-08-06T07:13:27Z	-125.650919947194	45.7859963636026
gp24-420-20	210332	2021-03-26T15:57:00Z	402		0	15		2,10,20,50,82,100,108,120,150,200,252,264,300,400,402	9.230,9.230,9.230,9.186,8.546,8.635,8.517,8.735,8.328,7.633,6.938,6.561,6.373,5.534,5.534															0	0,0,0,0,0,0,0,0,0,0,0,0,0,0,0			2021-05-10T20:54:42Z	2021-08-06T07:13:27Z	-125.903086847419	46.1349334294781
gp24-420-20	210332	2021-03-26T16:15:12Z	434		0	15		2,10,20,50,80,100,108,118,150,200,222,264,300,400,434	9.228,9.228,9.228,9.020,8.555,8.617,8.441,8.714,8.315,7.724,7.166,6.509,6.236,5.503,5.152															0	0,0,0,0,0,0,0,0,0,0,0,0,0,0,0			2021-05-10T20:54:42Z	2021-08-06T07:13:27Z	-125.880870664834	46.1254367429002
gp24-420-20	210332	2021-03-26T18:03:48Z	554		0	15		2,10,20,50,86,98,100,128,200,258,300,400,436,500,554	9.224,9.224,9.224,9.206,8.703,8.757,8.703,8.611,7.554,6.530,6.297,5.565,5.149,4.828,4.650															0	0,0,0,0,0,0,0,0,0,0,0,0,0,0,0			2021-05-10T20:54:42Z	2021-08-06T07:13:27Z	-125.818226829049	46.1236650587559
gp24-420-20	210332	2021-03-27T02:50:24Z	544		0	15		2,10,20,50,98,100,118,152,166,200,300,400,500,512,544	9.096,9.078,9.060,8.918,8.624,8.589,7.837,7.926,7.507,7.191,6.284,5.465,4.713,4.646,4.713															0	0,0,0,0,0,0,0,0,0,0,0,0,0,0,0			2021-05-10T20:54:42Z	2021-08-06T07:13:27Z	-125.823849164134	46.1615777507599
gp24-420-20	210332	2021-03-28T20:10:12Z	546		0	15		2,10,20,50,100,106,200,260,280,300,314,400,500,540,546	9.290,9.271,9.271,9.176,8.729,8.805,7.592,6.917,6.322,6.061,6.156,5.352,4.829,4.534,4.548															0	0,0,0,0,0,0,0,0,0,0,0,0,0,0,0			2021-05-10T20:54:42Z	2021-08-06T07:13:27Z	-125.972530850724	46.1769542948273
gp24-420-20	210332	2021-03-29T15:33:36Z	530		0	14		2,10,20,50,100,108,124,140,200,286,300,400,500,530	9.056,9.039,9.039,8.899,8.641,8.746,8.301,8.436,7.721,6.691,6.298,5.578,4.910,4.692															0	0,0,0,0,0,0,0,0,0,0,0,0,0,0			2021-05-10T20:54:42Z	2021-08-06T07:13:27Z	-125.967101972847	46.1868777121497
gp24-420-20	210332	2021-03-29T20:18:36Z	550		0	15		2,10,20,50,68,80,98,100,144,156,200,300,400,500,550	9.228,9.228,9.210,9.138,8.662,8.873,8.715,8.697,8.149,8.203,7.744,6.458,5.330,4.943,4.732															0	0,0,0,0,0,0,0,0,0,0,0,0,0,0,0			2021-05-10T20:54:42Z	2021-08-06T07:13:27Z	-125.927252835151	46.1925203005352
gp24-420-20	210332	2021-03-30T09:27:00Z	346		0	15		2,10,20,30,50,60,72,88,98,100,150,200,300,320,346	9.254,9.254,9.254,9.240,9.240,9.185,8.753,8.928,8.835,8.821,8.430,8.028,6.424,6.033,5.820															0	0,0,0,0,0,0,0,0,0,0,0,0,0,0,0			2021-05-10T20:54:42Z	2021-08-06T07:13:27Z	-125.914388039634	46.1498510210812
gp24-420-20	210332	2021-03-30T15:09:36Z	358		0	15		2,10,20,30,50,74,98,100,124,140,150,200,274,300,358	9.210,9.210,9.224,9.224,9.210,8.714,8.798,8.770,8.385,8.536,8.333,7.701,6.771,6.645,5.730															0	0,0,0,0,0,0,0,0,0,0,0,0,0,0,0			2021-05-10T20:54:42Z	2021-08-06T07:13:27Z	-125.883026097341	46.1711460127966
gp24-420-20	210332	2021-03-30T15:32:48Z	572		0	15		2,10,20,50,74,98,100,200,300,336,354,400,500,568,572	9.188,9.188,9.206,9.188,8.665,8.771,8.720,7.602,6.456,6.254,5.841,5.429,4.837,4.622,4.622															0	0,0,0,0,0,0,0,0,0,0,0,0,0,0,0			2021-05-10T20:54:42Z	2021-08-06T07:13:27Z	-125.880275517986	46.1661002517983
gp24-420-20	210332	2021-03-30T20:07:24Z	488		0	15		2,10,20,50,66,74,98,100,150,200,300,334,400,448,488	9.186,9.169,9.169,9.220,9.135,8.867,8.833,8.816,8.570,7.886,6.500,5.867,5.467,5.068,4.970															0	0,0,0,0,0,0,0,0,0,0,0,0,0,0,0			2021-05-10T20:54:42Z	2021-08-06T07:13:27Z	-125.956096027575	46.1661025875021
gp24-420-20	210332	2021-03-31T09:13:12Z	254		0	15		2,10,20,30,50,75,82,100,104,116,134,150,200,218,254	9.112,9.104,9.087,8.980,8.807,8.701,8.841,8.709,8.734,8.538,8.571,8.283,7.759,7.417,7.024															0	0,0,0,0,0,0,0,0,0,0,0,0,0,0,0			2021-05-10T20:54:42Z	2021-08-06T07:13:27Z	-125.933611816855	46.1301990204533
gp24-420-20	210332	2021-03-31T15:56:00Z	512		0	15		2,10,20,50,72,86,100,110,122,144,200,300,400,500,512	9.018,9.001,9.001,8.791,8.791,8.414,8.658,8.774,8.625,7.992,7.587,6.536,5.432,4.944,4.882															0	0,0,0,0,0,0,0,0,0,0,0,0,0,0,0			2021-05-10T20:54:42Z	2021-08-06T07:13:27Z	-126.000643651213	46.1329426401772
gp24-420-20	210332	2021-04-01T03:20:36Z	348		0	15		2,10,20,30,50,64,76,100,108,122,134,150,200,300,348	9.246,9.179,9.022,8.995,8.968,8.798,8.393,8.393,8.484,8.340,7.748,7.617,7.420,6.491,5.902															0	0,0,0,0,0,0,0,0,0,0,0,0,0,0,0			2021-05-10T20:54:42Z	2021-08-06T07:13:27Z	-126.069049639928	46.1649285296322
gp24-420-20	210332	2021-04-02T08:08:12Z	522		0	15		2,10,20,50,100,108,124,160,176,200,300,350,400,500,522	9.160,8.976,8.913,8.812,8.334,8.452,7.907,7.630,7.877,7.743,6.611,5.853,5.706,5.064,4.968															0	0,0,0,0,0,0,0,0,0,0,0,0,0,0,0			2021-05-10T20:54:42Z	2021-08-06T07:13:27Z	-125.993410497726	46.2982927269252
gp24-420-20	210332	2021-04-02T08:31:24Z	806		0	15		2,10,20,50,100,106,122,156,200,300,350,500,700,792,806	9.172,8.947,8.890,8.808,8.368,8.424,7.901,7.604,7.742,6.538,5.893,5.052,4.304,4.048,4.063															0	0,0,0,0,0,0,0,0,0,0,0,0,0,0,0			2021-05-10T20:54:42Z	2021-08-06T07:13:27Z	-125.987738798914	46.3050072642417
gp24-420-20	210332	2021-04-02T14:48:00Z	532		0	15		2,10,20,50,100,106,138,200,252,274,300,400,500,522,532	9.322,9.209,9.133,8.949,8.245,8.283,7.669,7.542,7.041,6.470,6.248,5.577,4.784,4.600,4.614															0	0,0,0,0,0,0,0,0,0,0,0,0,0,0,0			2021-05-10T20:54:42Z	2021-08-06T07:13:27Z	-125.92334727029	46.3725522248757
gp24-420-20	210332	2021-04-02T23:10:12Z	874		0	15		2,10,20,50,70,82,100,124,150,200,300,360,500,700,874	9.240,9.134,9.028,8.948,8.906,8.407,8.301,8.444,7.718,7.532,6.556,5.639,4.891,4.201,3.936															0	0,0,0,0,0,0,0,0,0,0,0,0,0,0,0			2021-05-10T20:54:42Z	2021-08-06T07:13:27Z	-125.957311189845	46.3486893024744
gp24-420-20	210332	2021-04-03T03:13:12Z	588		0	15		2,10,20,50,76,98,100,130,200,300,320,400,500,582,588	9.454,9.143,9.024,8.831,8.134,8.267,8.248,7.724,7.378,6.310,5.904,5.420,4.935,4.510,4.510															0	0,0,0,0,0,0,0,0,0,0,0,0,0,0,0			2021-05-10T20:54:42Z	2021-08-06T07:13:27Z	-125.948655535215	46.2941551390394
gp24-420-20	210332	2021-04-03T08:35:24Z	490		0	15		2,10,20,50,100,110,150,172,182,200,250,300,400,488,490	9.624,9.605,9.476,9.077,8.512,8.642,8.276,7.970,7.534,7.460,7.187,6.607,5.477,4.990,4.990															0	0,0,0,0,0,0,0,0,0,0,0,0,0,0,0			2021-05-10T20:54:42Z	2021-08-06T07:13:27Z	-126.057159780334	46.2717235995339
gp24-420-20	210332	2021-04-03T17:29:00Z	454		0	15		2,10,20,50,72,88,100,104,150,200,278,300,400,442,454	9.630,9.558,9.413,9.170,9.079,8.371,8.497,8.619,8.068,7.486,6.795,6.335,5.342,5.116,5.166															0	0,0,0,0,0,0,0,0,0,0,0,0,0,0,0			2021-05-10T20:54:42Z	2021-08-06T07:13:27Z	-125.946983628515	46.2263625039676
gp24-420-20	210332	2021-04-04T15:21:48Z	344		0	15		2,10,20,30,50,56,66,84,100,102,150,160,200,300,344	9.520,9.506,9.465,9.262,8.952,8.842,9.059,8.491,8.763,8.777,8.103,8.116,7.576,6.441,6.080															0	0,0,0,0,0,0,0,0,0,0,0,0,0,0,0			2021-05-10T20:54:42Z	2021-08-06T07:13:27Z	-125.940000858702	46.2666561757042
gp24-420-20	210332	2021-04-04T20:16:00Z	622		0	15		2,10,20,50,78,98,100,200,300,326,376,400,500,554,622	9.440,9.381,9.302,8.951,8.897,8.665,8.645,7.499,6.512,6.280,5.544,5.391,4.867,4.616,4.502															0	0,0,0,0,0,0,0,0,0,0,0,0,0,0,0			2021-05-10T20:54:42Z	2021-08-06T07:13:27Z	-125.815745941525	46.2512314413275
gp24-420-20	210332	2021-04-06T03:32:12Z	670		0	15		2,10,20,50,70,90,98,100,200,300,336,400,450,500,670	9.474,9.474,9.494,9.392,8.750,8.434,8.571,8.551,7.511,6.435,5.951,5.416,5.013,4.952,4.396															0	0,0,0,0,0,0,0,0,0,0,0,0,0,0,0			2021-05-10T20:54:42Z	2021-08-06T07:13:27Z	-126.049787663054	46.2664614945652
gp24-420-20	210332	2021-04-06T08:17:12Z	480		0	15		2,10,20,50,64,78,100,104,150,200,240,300,400,476,480	9.420,9.420,9.420,9.385,9.226,8.730,8.488,8.505,8.039,7.467,7.195,6.434,5.625,5.022,5.022															0	0,0,0,0,0,0,0,0,0,0,0,0,0,0,0			2021-05-10T20:54:42Z	2021-08-06T07:13:27Z	-126.029987617218	46.2515030686047
gp24-420-20	210332	2021-04-06T15:06:24Z	556		0	15		2,10,20,50,62,74,98,100,114,200,300,354,400,500,556	9.476,9.476,9.476,9.457,9.383,8.870,8.506,8.506,8.250,7.574,6.474,5.728,5.397,4.959,4.814															0	0,0,0,0,0,0,0,0,0,0,0,0,0,0,0			2021-05-10T20:54:42Z	2021-08-06T07:13:27Z	-126.047642934273	46.2836964215276
gp24-420-20	210332	2021-04-07T15:14:12Z	362		0	15		2,10,20,30,50,72,82,86,100,128,146,150,200,300,362	9.554,9.539,9.523,9.462,9.054,8.827,8.224,8.405,8.151,7.713,8.209,8.136,7.594,6.479,5.710															0	0,0,0,0,0,0,0,0,0,0,0,0,0,0,0			2021-05-10T20:54:42Z	2021-08-06T07:13:27Z	-126.119381403921	46.3220437690595
gp24-420-20	210332	2021-04-07T20:22:00Z	584		0	15		2,10,20,50,64,78,88,100,108,132,200,300,400,500,584	9.670,9.629,9.568,9.029,8.830,7.909,7.909,8.311,8.530,8.392,7.334,6.372,5.354,4.997,4.580															0	0,0,0,0,0,0,0,0,0,0,0,0,0,0,0			2021-05-10T20:54:42Z	2021-08-06T07:13:27Z	-126.106363570347	46.3255045738901
gp24-420-20	210332	2021-04-08T02:13:48Z	540		0	15		2,10,20,50,78,92,98,100,118,140,200,300,400,500,540	9.374,9.354,9.334,8.867,8.475,7.815,7.929,7.909,7.442,7.676,7.075,6.121,5.242,4.582,4.408															0	0,0,0,0,0,0,0,0,0,0,0,0,0,0,0			2021-05-10T20:54:42Z	2021-08-06T07:13:27Z	-126.147688827367	46.3734777259458
gp24-420-20	210332	2021-04-08T09:09:12Z	496		0	14		2,10,20,50,74,82,100,106,118,150,200,300,400,496	9.370,9.370,9.316,8.839,8.434,7.709,7.781,8.078,8.222,7.974,7.371,6.313,5.255,4.868															0	0,0,0,0,0,0,0,0,0,0,0,0,0,0			2021-05-10T20:54:42Z	2021-08-06T07:13:27Z	-126.106972994264	46.3532841266946
gp24-420-20	210332	2021-04-09T09:37:12Z	282		0	15		2,10,20,30,50,75,78,90,100,106,114,124,150,200,282	9.364,9.308,9.240,8.986,8.611,8.201,8.235,7.614,7.891,8.167,7.770,8.244,7.880,7.281,6.542															0	0,0,0,0,0,0,0,0,0,0,0,0,0,0,0			2021-05-10T20:54:42Z	2021-08-06T07:13:27Z	-125.96977211448	46.3877367378281
gp24-420-20	210332	2021-04-09T21:57:36Z	696		0	15		2,10,20,50,68,78,90,100,120,200,300,400,500,692,696	9.490,9.490,9.448,8.552,8.324,8.552,7.719,7.889,8.467,7.369,6.346,5.535,4.851,4.188,4.188															0	0,0,0,0,0,0,0,0,0,0,0,0,0,0,0			2021-05-10T20:54:42Z	2021-08-06T07:13:27Z	-125.916394046634	46.408816398714
gp24-420-20	210332	2021-04-10T09:33:12Z	308		0	15		2,10,20,30,50,64,74,92,100,122,150,200,270,300,308	9.434,9.422,9.434,9.410,8.937,8.440,8.822,7.760,7.910,8.672,8.337,7.563,6.630,6.536,6.492															0	0,0,0,0,0,0,0,0,0,0,0,0,0,0,0			2021-05-10T20:54:42Z	2021-08-06T07:13:27Z	-125.961659142961	46.4738806095726
gp24-420-20	210332	2021-04-10T15:15:48Z	388		0	15		2,10,20,30,50,66,82,92,100,114,120,150,200,300,388	9.352,9.352,9.337,9.337,9.003,8.342,8.688,7.801,7.858,8.584,8.642,8.204,7.497,6.580,5.512															0	0,0,0,0,0,0,0,0,0,0,0,0,0,0,0			2021-05-10T20:54:42Z	2021-08-06T07:13:27Z	-125.925283805123	46.5097500879351
gp24-420-20	210332	2021-04-10T17:17:48Z	566		0	15		2,10,20,36,50,82,88,100,122,200,300,400,500,554,566	9.316,9.316,9.297,9.221,8.719,8.402,7.866,7.734,8.605,7.658,6.620,5.431,4.891,4.578,4.578															0	0,0,0,0,0,0,0,0,0,0,0,0,0,0,0			2021-05-10T20:54:42Z	2021-08-06T07:13:27Z	-125.926772897078	46.5088930241449
gp24-420-20	210332	2021-04-11T02:39:36Z	564		0	15		2,10,20,50,88,100,112,122,170,200,300,400,500,558,564	9.344,9.325,9.268,8.544,8.321,7.839,7.929,8.449,8.061,7.502,6.447,5.424,4.979,4.610,4.610															0	0,0,0,0,0,0,0,0,0,0,0,0,0,0,0			2021-05-10T20:54:42Z	2021-08-06T07:13:27Z	-125.915029286799	46.5768714078408
gp24-420-20	210332	2021-04-11T09:05:12Z	220		0	15		2,10,20,30,36,44,50,75,78,100,122,132,150,200,220	9.302,9.277,9.179,9.146,9.015,8.502,8.438,8.371,8.404,7.793,8.055,8.388,8.095,7.467,7.224															0	0,0,0,0,0,0,0,0,0,0,0,0,0,0,0			2021-05-10T20:54:42Z	2021-08-06T07:13:27Z	-125.916915563837	46.5150668688091
gp24-420-20	210332	2021-04-11T09:41:48Z	316		0	15		2,10,20,30,50,76,100,112,118,126,150,200,278,300,316	9.109,9.120,9.120,9.098,8.633,8.347,7.787,8.148,8.084,8.423,8.051,7.419,6.533,6.544,6.428															0	0,0,0,0,0,0,0,0,0,0,0,0,0,0,0			2021-05-10T20:54:42Z	2021-08-06T07:13:27Z	-125.920608414257	46.5145010947307
gp24-420-20	210332	2021-04-12T02:20:48Z	600		0	15		2,10,20,50,72,86,100,120,136,178,200,300,400,500,600	9.182,9.182,9.163,9.014,8.650,7.974,7.736,7.937,7.587,7.699,7.405,6.472,5.539,4.989,4.518															0	0,0,0,0,0,0,0,0,0,0,0,0,0,0,0			2021-05-10T20:54:42Z	2021-08-06T07:13:27Z	-125.983658829888	46.509716543713
gp24-420-20	210332	2021-04-12T08:12:48Z	524		0	15		2,10,20,50,80,100,110,128,200,300,344,400,500,522,524	9.372,9.336,9.091,8.899,8.810,7.917,8.319,8.390,7.498,6.516,5.869,5.539,4.995,4.910,4.910															0	0,0,0,0,0,0,0,0,0,0,0,0,0,0,0			2021-05-10T20:54:42Z	2021-08-06T07:13:27Z	-125.901028372951	46.554991559503
gp24-420-20	210332	2021-04-13T03:06:24Z	364		0	15		2,10,20,30,50,64,86,92,100,126,146,150,200,300,364	9.204,9.218,9.189,9.117,8.750,8.382,8.227,7.903,7.802,7.662,8.073,8.015,7.212,6.124,5.616															0	0,0,0,0,0,0,0,0,0,0,0,0,0,0,0			2021-05-10T20:54:42Z	2021-08-06T07:13:27Z	-125.951268337129	46.7200667287077
gp24-420-20	210332	2021-04-13T09:40:00Z	232		0	15		2,10,20,30,40,50,60,66,75,78,92,100,150,200,232	9.148,9.117,9.086,9.016,8.699,8.636,8.514,8.200,8.005,7.904,7.904,7.984,7.506,6.966,6.550															0	0,0,0,0,0,0,0,0,0,0,0,0,0,0,0			2021-05-10T20:54:42Z	2021-08-06T07:13:27Z	-126.124227057224	46.8301971696709
gp24-420-20	210332	2021-04-13T10:35:24Z	340		0	15		2,10,20,30,44,50,66,74,98,100,150,188,200,300,340	9.112,9.112,9.084,9.043,8.633,8.647,8.429,7.940,7.995,7.981,7.520,7.042,7.031,5.873,5.644															0	0,0,0,0,0,0,0,0,0,0,0,0,0,0,0			2021-05-10T20:54:42Z	2021-08-06T07:13:27Z	-126.13907984859	46.8411066851225
gp24-420-20	210332	2021-04-13T15:24:24Z	338		0	15		2,10,20,30,50,58,74,90,98,100,150,200,300,328,338	9.072,9.155,9.285,9.314,8.732,8.391,8.446,7.907,7.907,7.907,7.169,6.857,5.978,5.696,5.707															0	0,0,0,0,0,0,0,0,0,0,0,0,0,0,0			2021-05-10T20:54:42Z	2021-08-06T07:13:27Z	-126.150540691106	46.8550130672568
gp24-420-20	210332	2021-04-13T17:23:00Z	580		0	15		2,10,20,36,50,80,100,104,146,200,300,400,500,566,580	9.142,9.142,9.236,9.161,8.476,8.439,7.882,7.920,7.141,6.830,5.848,5.254,4.829,4.518,4.518															0	0,0,0,0,0,0,0,0,0,0,0,0,0,0,0			2021-05-10T20:54:42Z	2021-08-06T07:13:27Z	-126.15131648709	46.8615415492626
gp24-420-20	210332	2021-04-13T19:40:00Z	718		0	15		2,10,20,50,82,100,118,146,154,200,300,392,500,700,718	9.298,9.214,9.214,9.047,8.147,7.985,7.613,7.613,7.205,6.954,5.871,5.112,4.678,4.082,4.066															0	0,0,0,0,0,0,0,0,0,0,0,0,0,0,0			2021-05-10T20:54:42Z	2021-08-06T07:13:27Z	-126.09203114277	46.7932791427835
gp24-420-20	210332	2021-04-14T03:15:48Z	556		0	15		2,10,20,40,50,66,82,98,100,136,200,300,400,500,556	9.007,8.920,9.190,9.080,8.737,8.398,8.613,7.987,7.987,7.428,7.158,5.868,5.223,4.792,4.614															0	0,0,0,0,0,0,0,0,0,0,0,0,0,0,0			2021-05-10T20:54:42Z	2021-08-06T07:13:27Z	-126.160996470418	46.9176551368889
gp24-420-20	210332	2021-04-14T09:06:36Z	272		0	15		2,10,20,30,50,75,90,98,100,118,134,150,200,242,272	8.587,8.620,8.805,8.838,8.425,8.155,7.615,7.508,7.475,7.260,7.422,7.334,6.806,6.494,6.084															0	0,0,0,0,0,0,0,0,0,0,0,0,0,0,0			2021-05-10T20:54:42Z	2021-08-06T07:13:27Z	-126.117332150087	46.9290238962839
gp24-420-20	210332	2021-04-14T10:08:00Z	332		0	15		2,10,20,30,50,62,82,98,100,116,150,200,240,300,332	8.264,8.276,8.348,8.472,8.214,7.997,7.885,7.218,7.168,7.035,7.047,6.498,6.097,5.731,5.368															0	0,0,0,0,0,0,0,0,0,0,0,0,0,0,0			2021-05-10T20:54:42Z	2021-08-06T07:13:27Z	-126.114122612264	46.9348936377305
gp24-420-20	210332	2021-04-14T14:23:24Z	580		0	15		2,10,20,30,50,86,96,100,104,200,300,400,500,546,580	7.869,7.869,7.869,8.178,7.904,7.613,6.778,6.761,6.813,6.217,5.313,4.373,4.034,3.830,3.830															0	0,0,0,0,0,0,0,0,0,0,0,0,0,0,0			2021-05-10T20:54:42Z	2021-08-06T07:13:27Z	-126.10077218965	46.9593094666323
gp24-420-20	210332	2021-04-14T20:19:24Z	520		0	15		2,10,20,50,76,84,92,100,104,114,200,300,400,500,520	7.900,7.788,7.536,7.756,7.552,7.068,6.972,7.160,7.208,6.831,6.283,5.279,4.258,3.926,3.898															0	0,0,0,0,0,0,0,0,0,0,0,0,0,0,0			2021-05-10T20:54:42Z	2021-08-06T07:13:27Z	-125.901412673195	46.915394098658
gp24-420-20	210332	2021-04-15T03:09:12Z	264		0	15		2,10,16,20,30,42,50,75,86,98,100,150,174,200,264	8.478,8.310,7.925,7.935,8.073,7.817,7.915,7.905,7.334,7.186,7.176,7.037,6.970,6.575,5.964															0	0,0,0,0,0,0,0,0,0,0,0,0,0,0,0			2021-05-10T20:54:42Z	2021-08-06T07:13:27Z	-125.77931921111	46.8780201217697
gp24-420-20	210332	2021-04-17T01:42:48Z	726		0	15		2,10,20,40,50,80,98,100,172,200,300,354,500,700,726	8.894,8.661,8.540,7.795,7.668,7.150,7.065,7.044,6.901,6.383,5.326,4.723,4.041,3.624,3.608															0	0,0,0,0,0,0,0,0,0,0,0,0,0,0,0			2021-05-10T20:54:42Z	2021-08-06T07:13:27Z	-126.01259743435	46.8714234770559
gp24-420-20	210332	2021-04-17T09:14:24Z	262		0	15		2,10,20,30,50,62,70,75,82,98,100,150,200,210,262	9.346,9.212,9.105,8.949,8.338,8.194,8.554,8.350,7.775,7.534,7.500,7.234,6.877,6.696,6.290															0	0,0,0,0,0,0,0,0,0,0,0,0,0,0,0			2021-05-10T20:54:42Z	2021-08-06T07:13:27Z	-125.938300020975	46.8242551836686
gp24-420-20	210332	2021-04-17T20:17:48Z	572		0	15		2,10,20,50,90,98,100,156,200,300,352,400,458,500,572	9.504,9.203,8.683,8.000,7.868,7.420,7.316,7.163,6.714,5.921,5.276,4.997,4.395,4.269,4.034															0	0,0,0,0,0,0,0,0,0,0,0,0,0,0,0			2021-05-10T20:54:42Z	2021-08-06T07:13:27Z	-125.904101190936	46.8400633566467
gp24-420-20	210332	2021-04-18T03:14:00Z	268		0	15		2,10,20,30,50,66,75,86,98,100,122,150,200,250,268	9.416,9.216,8.643,8.270,7.952,7.833,7.633,7.196,7.341,7.301,6.968,6.982,6.477,6.236,6.026															0	0,0,0,0,0,0,0,0,0,0,0,0,0,0,0			2021-05-10T20:54:42Z	2021-08-06T07:13:27Z	-125.919518340977	46.7773211403603
gp24-420-20	210332	2021-04-18T04:03:12Z	414		0	15		2,10,20,50,78,88,98,100,150,166,200,300,358,400,414	9.100,8.958,8.856,8.001,7.674,7.169,7.031,7.013,6.805,6.805,6.318,5.676,5.241,4.683,4.670															0	0,0,0,0,0,0,0,0,0,0,0,0,0,0,0			2021-05-10T20:54:42Z	2021-08-06T07:13:27Z	-125.939640942508	46.7847744819231
gp24-420-20	210332	2021-04-18T04:28:12Z	504		0	15		2,10,20,50,74,88,98,100,162,200,300,348,400,500,504	8.990,8.815,8.776,7.977,7.689,7.056,6.944,6.944,6.695,6.218,5.570,5.263,4.576,4.152,4.118															0	0,0,0,0,0,0,0,0,0,0,0,0,0,0,0			2021-05-10T20:54:42Z	2021-08-06T07:13:27Z	-125.950869169317	46.7898693903571
gp24-420-20	210332	2021-04-19T02:51:00Z	528		0	15		2,10,20,50,68,88,98,100,200,288,300,352,400,500,528	9.574,9.076,8.400,8.049,7.845,7.268,7.289,7.289,6.797,6.037,5.686,5.073,4.884,4.475,4.334															0	0,0,0,0,0,0,0,0,0,0,0,0,0,0,0			2021-05-10T20:54:42Z	2021-08-06T07:13:27Z	-126.124317141699	46.4719191256069
gp24-420-20	210332	2021-04-19T10:31:48Z	760		0	15		2,10,20,50,100,112,158,200,300,404,438,500,700,754,760	9.408,8.820,8.537,8.166,7.145,6.968,7.384,6.840,5.969,5.337,4.882,4.688,3.923,3.862,3.901															0	0,0,0,0,0,0,0,0,0,0,0,0,0,0,0			2021-05-10T20:54:42Z	2021-08-06T07:13:27Z	-126.164697092979	46.4104392986724
gp24-420-20	210332	2021-04-19T20:27:48Z	646		0	15		2,10,16,20,24,50,98,100,200,234,300,316,400,500,646	9.430,9.338,9.022,8.529,8.299,7.989,7.174,7.134,6.503,5.963,5.533,5.171,4.430,4.069,3.690															0	0,0,0,0,0,0,0,0,0,0,0,0,0,0,0			2021-05-10T20:54:42Z	2021-08-06T07:13:27Z	-126.32535175449	46.4076062244633
gp24-420-20	210332	2021-04-19T22:21:24Z	870		0	15		2,10,20,36,50,64,76,88,100,116,200,300,500,700,870	9.700,9.245,8.694,7.989,7.861,7.534,7.784,7.207,7.534,7.688,6.631,5.599,4.420,3.715,3.292															0	0,0,0,0,0,0,0,0,0,0,0,0,0,0,0			2021-05-10T20:54:42Z	2021-08-06T07:13:27Z	-126.25819256031	46.3934945067279
gp24-420-20	210332	2021-04-20T03:19:24Z	370		0	15		2,10,14,20,30,50,100,104,150,188,200,262,300,312,370	9.794,9.297,8.800,8.660,8.570,8.443,8.109,8.163,7.648,7.223,6.921,6.247,5.646,5.452,5.276															0	0,0,0,0,0,0,0,0,0,0,0,0,0,0,0			2021-05-10T20:54:42Z	2021-08-06T07:13:27Z	-126.103124868353	46.3756463448632
gp24-420-20	210332	2021-04-20T03:58:12Z	522		0	15		2,10,20,50,100,104,166,200,234,300,330,344,400,500,522	9.678,9.297,8.663,8.521,8.146,8.201,7.527,6.968,6.451,5.796,5.319,5.517,5.198,4.721,4.604															0	0,0,0,0,0,0,0,0,0,0,0,0,0,0,0			2021-05-10T20:54:42Z	2021-08-06T07:13:27Z	-126.101049864642	46.3721596603672
gp24-420-20	210332	2021-04-20T08:18:24Z	486		0	15		2,10,20,50,84,98,100,136,150,200,300,330,366,400,486	9.432,9.358,8.708,8.492,8.146,8.220,8.220,7.712,7.712,6.989,5.993,5.509,5.596,5.288,4.822															0	0,0,0,0,0,0,0,0,0,0,0,0,0,0,0			2021-05-10T20:54:42Z	2021-08-06T07:13:27Z	-126.040801615086	46.3754702684506
gp24-420-20	210332	2021-04-20T20:22:36Z	524		0	15		2,10,14,20,50,90,100,110,200,300,340,400,500,522,524	8.824,8.623,8.087,7.959,7.781,7.277,7.387,7.387,6.239,5.127,4.802,4.660,4.372,4.248,4.248															0	0,0,0,0,0,0,0,0,0,0,0,0,0,0,0			2021-05-10T20:54:42Z	2021-08-06T07:13:27Z	-126.192577393521	46.3763850146543
gp24-420-20	210332	2021-04-21T03:24:00Z	284		0	15		2,10,14,20,24,30,50,75,100,106,120,150,194,200,284	9.362,9.335,9.281,9.017,8.659,8.551,8.447,8.328,7.957,8.061,8.075,7.730,7.241,7.055,5.984															0	0,0,0,0,0,0,0,0,0,0,0,0,0,0,0			2021-05-10T20:54:42Z	2021-08-06T07:13:27Z	-126.032464966139	46.4416179853275
gp24-420-20	210332	2021-04-21T14:32:48Z	590		0	15		2,10,20,50,98,100,138,200,222,300,328,400,500,584,590	9.040,8.941,8.316,8.182,7.949,7.890,7.716,6.918,6.492,5.693,5.321,4.895,4.429,4.082,4.082															0	0,0,0,0,0,0,0,0,0,0,0,0,0,0,0			2021-05-10T20:54:42Z	2021-08-06T07:13:27Z	-125.960088758892	46.4314847959744
gp24-420-20	210332	2021-04-22T02:08:36Z	522		0	15		2,10,20,26,50,98,100,144,200,212,290,300,400,500,522	9.084,9.047,8.754,8.336,8.168,7.917,7.899,7.731,6.951,6.676,6.072,5.765,5.054,4.487,4.436															0	0,0,0,0,0,0,0,0,0,0,0,0,0,0,0			2021-05-10T20:54:42Z	2021-08-06T07:13:27Z	-125.93522270499	46.4736237552681
gp24-420-20	210332	2021-04-22T08:26:48Z	540		0	15		2,10,20,30,50,62,98,100,128,200,300,308,400,500,540	9.262,9.262,9.146,8.616,8.485,8.239,8.104,8.085,8.051,7.067,5.876,5.663,5.099,4.607,4.438															0	0,0,0,0,0,0,0,0,0,0,0,0,0,0,0			2021-05-10T20:54:42Z	2021-08-06T07:13:27Z	-125.891032168469	46.4888110847111
gp24-420-20	210332	2021-04-22T14:27:48Z	558		0	15		2,10,16,20,50,98,100,138,154,200,300,400,500,534,558	8.956,8.918,8.766,8.280,8.132,7.851,7.813,7.532,7.218,6.937,5.704,4.789,4.380,4.194,4.265															0	0,0,0,0,0,0,0,0,0,0,0,0,0,0,0			2021-05-10T20:54:42Z	2021-08-06T07:13:27Z	-125.819024669847	46.491842183305
gp24-420-20	210332	2021-04-22T20:26:12Z	572		0	15		2,10,20,28,50,98,100,134,200,292,300,346,400,500,572	9.124,9.083,8.640,8.202,8.105,7.805,7.784,7.642,6.883,5.528,5.563,5.084,4.845,4.285,4.030															0	0,0,0,0,0,0,0,0,0,0,0,0,0,0,0			2021-05-10T20:54:42Z	2021-08-06T07:13:27Z	-125.724928350585	46.4202695966569
gp24-420-20	210332	2021-04-23T14:54:24Z	634		0	15		2,10,20,36,50,84,100,104,200,262,300,352,400,500,634	9.595,9.616,9.574,8.773,8.627,8.465,8.752,8.773,7.706,6.779,6.491,5.633,5.387,5.099,4.382															0	0,0,0,0,0,0,0,0,0,0,0,0,0,0,0			2021-05-10T20:54:42Z	2021-08-06T07:13:27Z	-125.700133694847	46.3817454217825
gp24-420-20	210332	2021-04-23T20:16:36Z	582		0	15		2,10,20,24,50,70,80,98,100,200,300,400,442,500,582	9.616,9.494,9.016,8.675,8.558,8.436,8.675,8.716,8.716,7.617,6.341,5.344,4.947,4.769,4.530															0	0,0,0,0,0,0,0,0,0,0,0,0,0,0,0			2021-05-10T20:54:42Z	2021-08-06T07:13:27Z	-125.735620545747	46.331755714285
gp24-420-20	210332	2021-04-24T02:29:48Z	578		0	15		2,10,20,32,42,50,100,104,122,200,300,400,500,576,578	9.264,9.076,9.034,8.915,8.158,8.054,8.054,8.075,8.054,6.891,5.848,5.008,4.330,4.048,4.048															0	0,0,0,0,0,0,0,0,0,0,0,0,0,0,0			2021-05-10T20:54:42Z	2021-08-06T07:13:27Z	-125.80871085841	46.2588855805911
gp24-420-20	210332	2021-04-25T02:34:36Z	650		0	15		2,10,20,32,50,70,100,104,162,200,300,400,500,628,650	9.196,9.286,8.933,8.249,8.031,7.610,7.437,7.459,6.714,6.534,5.677,4.601,4.164,3.682,3.699															0	0,0,0,0,0,0,0,0,0,0,0,0,0,0,0			2021-05-10T20:54:42Z	2021-08-06T07:13:27Z	-125.955546671598	45.9136437426025
gp24-420-20	210332	2021-04-25T08:24:24Z	544		0	15		2,10,20,26,34,50,80,98,100,200,300,400,500,534,544	9.278,9.318,8.902,8.350,8.174,8.430,7.763,7.763,7.703,6.835,5.777,4.989,4.478,4.302,4.302															0	0,0,0,0,0,0,0,0,0,0,0,0,0,0,0			2021-05-10T20:54:42Z	2021-08-06T07:13:27Z	-125.961757388649	45.8073950896709
gp24-420-20	210332	2021-04-25T11:30:12Z	558		0	15		2,10,20,50,98,100,200,218,264,280,300,400,450,500,558	9.388,9.388,8.816,8.264,7.712,7.712,6.588,6.266,5.875,5.469,5.344,4.652,4.652,4.408,4.184															0	0,0,0,0,0,0,0,0,0,0,0,0,0,0,0			2021-05-10T20:54:42Z	2021-08-06T07:13:27Z	-125.93507311606	45.7480871184806
gp24-420-20	210332	2021-04-25T14:19:36Z	562		0	15		2,10,16,20,34,50,100,110,124,200,300,400,500,550,562	9.236,8.988,8.364,8.385,8.385,7.998,7.513,7.395,7.575,6.703,5.615,4.903,4.357,4.078,4.114															0	0,0,0,0,0,0,0,0,0,0,0,0,0,0,0			2021-05-10T20:54:42Z	2021-08-06T07:13:27Z	-125.949703824646	45.6968201127838
gp24-420-20	210332	2021-04-25T20:12:00Z	558		0	15		2,10,14,20,50,62,94,100,102,174,200,300,400,500,558	9.064,8.423,8.615,8.423,7.787,7.861,7.436,7.575,7.649,6.933,6.854,5.602,4.827,4.324,4.132															0	0,0,0,0,0,0,0,0,0,0,0,0,0,0,0			2021-05-10T20:54:42Z	2021-08-06T07:13:27Z	-126.049983768266	45.6952568731731
gp24-420-20	210332	2021-04-25T21:09:48Z	724		0	15		2,6,10,20,50,100,104,142,158,200,300,352,500,700,724	8.898,8.388,8.474,8.222,7.739,7.443,7.588,7.191,6.788,6.579,5.484,5.001,4.287,3.589,3.530															0	0,0,0,0,0,0,0,0,0,0,0,0,0,0,0			2021-05-10T20:54:42Z	2021-08-06T07:13:27Z	-126.071460374862	45.6868437078952
gp24-420-20	210332	2021-04-26T08:13:36Z	560		0	15		2,10,20,36,50,62,90,100,104,200,242,300,400,500,560	9.666,9.510,9.225,8.567,8.483,8.439,7.608,7.736,7.848,6.620,6.074,5.750,4.897,4.306,4.088															0	0,0,0,0,0,0,0,0,0,0,0,0,0,0,0			2021-05-10T20:54:42Z	2021-08-06T07:13:27Z	-126.141813103007	45.526803752724
gp24-420-20	210332	2021-04-26T20:31:24Z	606		0	15		2,10,20,38,50,64,72,88,100,200,300,344,400,500,606	10.140,9.740,8.846,8.370,7.723,7.526,8.173,7.374,7.850,6.556,5.509,5.382,4.741,4.265,3.796															0	0,0,0,0,0,0,0,0,0,0,0,0,0,0,0			2021-05-10T20:54:42Z	2021-08-06T07:13:27Z	-126.175252198353	45.3088639437521
gp24-420-20	210332	2021-04-27T02:10:48Z	536		0	15		2,10,20,30,50,70,100,112,140,200,300,348,400,500,536	10.318,9.952,9.703,9.095,8.852,8.443,7.027,6.834,7.101,6.418,5.350,5.251,4.859,4.201,4.108															0	0,0,0,0,0,0,0,0,0,0,0,0,0,0,0			2021-05-10T20:54:42Z	2021-08-06T07:13:27Z	-126.159001571433	45.2465972466762
gp24-420-20	210332	2021-04-27T16:02:00Z	708		0	15		2,10,20,50,66,100,120,138,200,300,392,500,700,706,708	10.232,9.272,9.042,7.911,7.779,6.931,6.694,7.135,6.464,5.405,4.557,4.274,3.656,3.656,3.656															0	0,0,0,0,0,0,0,0,0,0,0,0,0,0,0			2021-05-10T20:54:42Z	2021-08-06T07:13:27Z	-126.023635095186	44.9829180049322
gp24-420-20	210332	2021-04-28T23:50:00Z	836		0	15		2,10,20,34,40,50,100,122,200,300,312,400,500,700,836	10.372,10.017,9.687,9.306,8.847,8.698,7.988,8.110,7.225,6.185,5.907,5.151,4.718,4.233,3.910															0	0,0,0,0,0,0,0,0,0,0,0,0,0,0,0			2021-05-10T20:54:42Z	2021-08-06T07:13:28Z	-125.898817994648	44.6296680346939
gp24-420-20	210332	2021-04-29T03:25:12Z	328		0	15		2,10,20,30,50,98,100,112,120,138,150,178,200,300,328	10.650,10.156,9.826,9.531,8.887,8.123,8.043,7.748,7.923,7.689,7.748,7.689,7.359,6.105,5.656															0	0,0,0,0,0,0,0,0,0,0,0,0,0,0,0			2021-05-10T20:54:42Z	2021-08-06T07:13:28Z	-125.968059259288	44.5481322329286
gp24-420-20	210332	2021-04-29T03:49:24Z	446		0	15		2,10,20,50,98,100,110,122,150,200,278,300,374,400,446	10.486,10.146,9.872,8.939,8.179,8.114,7.780,7.926,7.694,7.441,6.233,6.109,5.409,5.430,5.096															0	0,0,0,0,0,0,0,0,0,0,0,0,0,0,0			2021-05-10T20:54:42Z	2021-08-06T07:13:28Z	-125.973966006458	44.5441260710442
gp24-420-20	210332	2021-04-29T08:24:00Z	532		0	15		2,10,20,50,92,98,100,116,128,200,300,400,444,500,532	10.546,10.233,9.830,8.983,8.603,8.336,8.250,7.983,8.313,7.557,6.421,5.773,5.171,4.995,4.864															0	0,0,0,0,0,0,0,0,0,0,0,0,0,0,0			2021-05-10T20:54:42Z	2021-08-06T07:13:28Z	-125.989155811101	44.5096596948663
gp24-420-20	210332	2021-04-29T15:41:12Z	400		0	15		2,10,20,30,50,98,100,120,142,150,170,200,300,334,400	11.062,10.255,9.891,9.166,8.318,8.339,8.138,8.097,8.298,7.835,7.794,6.808,5.960,6.366,5.924															0	0,0,0,0,0,0,0,0,0,0,0,0,0,0,0			2021-05-10T20:54:42Z	2021-08-06T07:13:28Z	-125.977528636394	44.4260801882367
gp24-420-20	210332	2021-04-29T16:22:36Z	564		0	15		2,10,20,50,74,98,100,146,164,200,300,346,400,500,564	10.742,10.207,9.861,9.126,8.433,8.227,8.227,8.180,7.833,7.745,6.846,6.247,5.971,5.048,4.866															0	0,0,0,0,0,0,0,0,0,0,0,0,0,0,0			2021-05-10T20:54:42Z	2021-08-06T07:13:28Z	-125.973860139731	44.414810987021
gp24-420-20	210332	2021-04-29T22:13:12Z	712		0	15		2,4,10,20,50,98,100,126,160,200,300,500,556,700,712	10.702,10.702,9.892,9.554,8.591,7.781,7.708,7.522,7.755,7.370,6.142,5.053,4.555,4.084,4.064															0	0,0,0,0,0,0,0,0,0,0,0,0,0,0,0			2021-05-10T20:54:42Z	2021-08-06T07:13:28Z	-126.013631981303	44.3160011246313
gp24-420-20	210332	2021-04-30T02:28:24Z	536		0	15		2,10,18,20,50,60,82,98,100,176,200,300,400,500,536	11.194,10.210,9.201,9.176,8.587,8.242,8.141,7.678,7.602,7.653,7.477,6.198,5.415,5.221,4.926															0	0,0,0,0,0,0,0,0,0,0,0,0,0,0,0			2021-05-10T20:54:42Z	2021-08-06T07:13:28Z	-125.961161275388	44.2092923611713
gp24-420-20	210332	2021-04-30T05:22:24Z	748		0	15		2,10,20,50,74,88,98,100,106,200,300,500,700,724,748	11.292,10.587,9.918,8.579,8.216,9.028,8.914,8.828,8.387,7.547,6.066,5.311,4.222,4.172,4.172															0	0,0,0,0,0,0,0,0,0,0,0,0,0,0,0			2021-05-10T20:54:42Z	2021-08-06T07:13:28Z	-126.026971184433	44.1918012251568
gp24-420-20	210332	2021-04-30T08:24:36Z	496		0	15		2,6,10,12,20,50,98,100,150,200,300,334,400,494,496	11.192,11.022,10.429,10.217,10.047,9.338,8.932,8.884,8.078,7.672,6.606,5.988,5.437,5.134,5.134															0	0,0,0,0,0,0,0,0,0,0,0,0,0,0,0			2021-05-10T20:54:42Z	2021-08-06T07:13:28Z	-126.024708513095	44.1237007937932
gp24-420-20	210332	2021-04-30T19:35:12Z	854		0	15		2,6,10,20,30,50,66,82,98,100,200,300,500,700,854	11.972,11.683,10.994,9.984,9.391,8.918,8.541,8.982,8.822,8.790,7.563,6.593,5.303,4.453,3.956															0	0,0,0,0,0,0,0,0,0,0,0,0,0,0,0			2021-05-10T20:54:42Z	2021-08-06T07:13:28Z	-126.010290070922	43.9277769503545
gp24-420-20	210332	2021-05-01T02:22:36Z	560		0	15		2,6,10,20,26,50,96,100,102,200,300,338,400,500,560	10.384,10.305,9.863,8.730,8.288,7.979,7.023,7.122,7.148,6.041,4.875,4.591,4.565,4.077,3.794															0	0,0,0,0,0,0,0,0,0,0,0,0,0,0,0			2021-05-10T20:54:42Z	2021-08-06T07:13:28Z	-126.173356845375	43.7493981618837
gp24-420-20	210332	2021-05-01T08:09:00Z	490		0	15		2,10,16,20,26,30,50,78,98,100,150,200,300,400,490	11.062,10.910,10.613,10.164,9.475,9.222,8.900,8.331,8.135,8.110,7.541,7.041,5.954,5.208,4.740															0	0,0,0,0,0,0,0,0,0,0,0,0,0,0,0			2021-05-10T20:54:42Z	2021-08-06T07:13:28Z	-126.174204762996	43.6204439699748
gp24-420-20	210332	2021-05-01T14:30:00Z	740		0	15		2,10,20,50,60,82,100,102,200,248,300,342,500,700,740	9.708,9.515,8.350,7.702,7.323,7.489,7.027,7.055,6.221,5.814,4.890,4.408,3.512,2.919,2.816															0	0,0,0,0,0,0,0,0,0,0,0,0,0,0,0			2021-05-10T20:54:42Z	2021-08-06T07:13:28Z	-126.157978843242	43.5429590573248
gp24-420-20	210332	2021-05-01T20:29:24Z	526		0	15		2,10,20,50,68,82,86,100,102,200,300,322,400,500,526	9.894,9.665,9.168,8.416,7.842,7.192,6.816,6.791,6.791,5.695,4.191,4.019,4.070,3.618,3.522															0	0,0,0,0,0,0,0,0,0,0,0,0,0,0,0			2021-05-10T20:54:42Z	2021-08-06T07:13:28Z	-126.273764738515	43.4408263965436
gp24-420-20	210332	2021-05-02T02:29:12Z	586		0	15		2,10,20,50,70,82,98,100,200,226,300,348,400,500,586	9.268,8.817,8.145,7.751,6.907,6.234,5.869,5.869,4.609,4.216,3.622,3.150,3.006,2.277,2.112															0	0,0,0,0,0,0,0,0,0,0,0,0,0,0,0			2021-05-10T20:54:42Z	2021-08-06T07:13:28Z	-126.185740130358	43.2720213648894
gp24-420-20	210332	2021-05-02T22:08:00Z	868		0	15		2,10,20,50,80,98,100,200,300,404,500,604,700,860,868	10.192,9.820,9.673,8.456,7.301,7.061,6.999,5.961,4.837,3.992,3.535,3.287,2.744,2.442,2.442															0	0,0,0,0,0,0,0,0,0,0,0,0,0,0,0			2021-05-10T20:54:42Z	2021-08-06T07:13:28Z	-126.102185808555	42.787635239566
gp24-420-20	210332	2021-05-04T08:19:24Z	478		0	15		2,10,20,32,50,78,98,100,128,150,200,300,356,400,478	11.470,11.391,11.053,10.146,9.756,9.154,8.353,8.300,7.678,7.572,7.082,5.812,5.520,5.057,4.852															0	0,0,0,0,0,0,0,0,0,0,0,0,0,0,0			2021-05-10T20:54:42Z	2021-08-06T07:13:28Z	-125.621838810477	42.1984455354113
gp24-420-20	210332	2021-05-04T14:44:36Z	692		0	14		2,10,20,50,98,100,130,174,200,300,332,400,500,692	11.702,11.464,11.174,9.775,8.398,8.346,7.877,7.817,7.177,5.979,5.480,5.570,5.071,4.260															0	0,0,0,0,0,0,0,0,0,0,0,0,0,0			2021-05-10T20:54:42Z	2021-08-06T07:13:28Z	-125.588451542289	42.0329172305175
gp24-420-20	210332	2021-05-04T21:23:12Z	654		0	15		2,10,20,30,50,74,98,100,124,146,200,300,400,500,654	11.396,11.340,10.786,10.344,9.993,9.579,8.365,8.281,8.204,7.649,6.990,6.274,5.397,4.983,4.380															0	0,0,0,0,0,0,0,0,0,0,0,0,0,0,0			2021-05-10T20:54:42Z	2021-08-06T07:13:28Z	-125.462263956128	41.9424488664882
gp24-420-20	210332	2021-05-05T02:31:24Z	518		0	15		2,10,20,28,36,44,50,98,100,200,300,364,400,500,518	9.114,9.114,9.226,8.840,9.003,8.421,8.327,7.508,7.471,6.502,5.920,5.133,5.008,4.658,4.570															0	0,0,0,0,0,0,0,0,0,0,0,0,0,0,0			2021-05-10T20:54:42Z	2021-08-06T07:13:28Z	-125.328069663435	41.7552636337372
gp24-420-20	210332	2021-05-05T02:55:36Z	620		0	15		2,10,20,32,44,50,98,100,166,188,200,300,400,500,620	9.130,9.110,8.970,8.267,8.382,8.168,7.290,7.230,6.448,5.919,5.959,5.336,4.553,4.493,4.144															0	0,0,0,0,0,0,0,0,0,0,0,0,0,0,0			2021-05-10T20:54:42Z	2021-08-06T07:13:28Z	-125.319109658184	41.745524272794
gp24-420-20	210332	2021-05-05T11:27:36Z	580		0	15		2,10,20,38,50,84,100,200,300,338,364,400,500,578,580	9.880,9.859,9.838,9.384,8.731,8.240,8.281,6.970,5.779,5.372,5.555,5.309,4.980,4.656,4.656															0	0,0,0,0,0,0,0,0,0,0,0,0,0,0,0			2021-05-10T20:54:42Z	2021-08-06T07:13:28Z	-125.155683427895	41.6093039915832
gp24-420-20	210332	2021-05-06T03:06:48Z	286		0	15		2,6,10,20,30,50,58,68,75,100,106,150,200,282,286	9.400,9.051,9.003,9.163,9.179,8.706,8.518,7.796,7.652,7.227,7.307,6.834,6.112,5.390,5.390															0	0,0,0,0,0,0,0,0,0,0,0,0,0,0,0			2021-05-10T20:54:42Z	2021-08-06T07:13:28Z	-125.243527408071	41.1710594169742
gp24-420-20	210332	2021-05-06T03:41:36Z	508		0	15		2,4,10,20,28,34,50,70,98,100,200,300,400,500,508	10.080,9.795,9.862,10.326,10.170,9.689,9.449,8.416,7.980,7.935,6.818,6.097,5.327,4.779,4.740															0	0,0,0,0,0,0,0,0,0,0,0,0,0,0,0			2021-05-10T20:54:42Z	2021-08-06T07:13:28Z	-125.244740516279	41.1558310526519
gp24-420-20	210332	2021-05-06T20:10:24Z	526		0	15		2,10,20,30,50,78,98,100,146,200,220,300,400,500,526	10.246,10.090,9.654,8.893,8.685,8.509,7.872,7.820,6.799,6.188,5.830,4.991,4.301,3.788,3.742															0	0,0,0,0,0,0,0,0,0,0,0,0,0,0,0			2021-05-10T20:54:42Z	2021-08-06T07:13:28Z	-125.568886631198	40.6844848208932
gp24-420-20	210332	2021-05-07T02:19:48Z	894		0	15		2,10,20,50,62,80,98,100,120,200,252,300,500,700,894	12.118,12.020,11.824,11.120,10.956,10.318,9.320,9.288,8.617,7.619,6.727,6.277,4.993,4.380,3.938															0	0,0,0,0,0,0,0,0,0,0,0,0,0,0,0			2021-05-10T20:54:42Z	2021-08-06T07:13:28Z	-125.54814251243	40.4987281242693
gp24-420-20	210332	2021-05-07T14:48:00Z	630		0	15		2,10,20,26,50,58,78,98,100,170,200,300,400,500,630	11.108,11.056,10.779,10.347,10.018,10.095,9.437,9.282,9.179,7.843,7.611,6.830,5.869,5.159,4.656															0	0,0,0,0,0,0,0,0,0,0,0,0,0,0,0			2021-05-10T20:54:42Z	2021-08-06T07:13:28Z	-125.568215348651	40.2361297068636
gp24-420-20	210332	2021-05-07T20:21:36Z	478		0	15		2,10,20,40,50,98,100,150,200,300,364,376,400,456,478	10.148,10.110,10.054,9.851,9.459,8.276,8.262,7.889,7.389,6.540,6.097,6.205,5.668,5.432,5.432															0	0,0,0,0,0,0,0,0,0,0,0,0,0,0,0			2021-05-10T20:54:42Z	2021-08-06T07:13:28Z	-125.350843188991	40.1782153634495
gp24-420-20	210332	2021-05-08T02:17:24Z	604		0	15		2,10,20,30,50,58,98,100,200,270,300,366,400,500,604	9.864,9.821,9.648,9.480,8.652,8.209,7.933,7.911,6.975,6.380,6.358,6.191,5.493,4.919,4.454															0	0,0,0,0,0,0,0,0,0,0,0,0,0,0,0			2021-05-10T20:54:42Z	2021-08-06T07:13:28Z	-125.168383066206	40.1220043725314
gp24-420-20	210332	2021-05-08T20:29:48Z	546		0	15		2,10,20,50,98,100,200,274,300,324,370,400,500,544,546	8.520,8.504,8.487,8.438,7.702,7.702,6.286,5.516,5.549,5.566,5.066,5.021,4.588,4.428,4.428															0	0,0,0,0,0,0,0,0,0,0,0,0,0,0,0			2021-05-10T20:54:42Z	2021-08-06T07:13:28Z	-124.731793843876	39.500239265512
