REF	PTT	END_DATE	MAX_DBAR	CNT	NUM	N_TEMP	N_PHOTO	TEMP_DBAR	TEMP_VALS	N_COND	COND_DBAR	COND_VALS	N_SAL	SAL_DBAR	SAL_VALS	N_FLUORO	FLUORO_DBAR	FLUORO_VALS	N_OXY	OXY_DBAR	OXY_VALS	PHOTO_DBAR	PHOTO_VALS	QC_PROFILE	QC_TEMP	QC_SAL	SAL_CORRECTED_VALS	CREATED	MODIFIED	LON	LAT
ct169-594-21	228989	2022-05-30T21:40:00Z	166		0	15		4,10,20,24,28,30,42,50,75,96,100,106,125,150,166	10.276,10.270,10.183,10.055,9.614,9.578,9.435,9.165,8.777,8.670,8.652,8.457,8.375,8.288,8.264				15	4,10,20,24,28,30,42,50,75,96,100,106,125,150,166	34.206,34.207,34.187,34.182,34.158,34.159,34.178,34.181,34.201,34.225,34.234,34.282,34.332,34.371,34.374									0	0,0,0,0,0,0,0,0,0,0,0,0,0,0,0	0,0,0,0,0,0,0,0,0,0,0,0,0,0,0	34.206,34.207,34.187,34.182,34.158,34.159,34.178,34.181,34.201,34.225,34.234,34.282,34.332,34.371,34.374	2023-01-30T13:59:27Z	2023-04-19T02:10:31Z	-122.276648255212	37.0465104949005
ct169-594-21	228989	2022-05-30T22:00:00Z	234		0	16		4,10,20,30,42,46,50,64,75,96,100,150,184,188,200,234	10.361,10.326,10.303,10.225,10.079,9.604,9.548,9.443,9.234,8.655,8.549,8.409,8.147,7.988,7.956,7.845				16	4,10,20,30,42,46,50,64,75,96,100,150,184,188,200,234	34.189,34.188,34.184,34.188,34.193,34.211,34.218,34.235,34.233,34.256,34.266,34.396,34.410,34.400,34.398,34.409									0	0,0,0,0,0,0,0,0,0,0,0,0,0,0,0,0	0,0,0,0,0,0,0,0,0,0,0,0,0,0,0,0	34.189,34.188,34.184,34.188,34.193,34.211,34.218,34.235,34.233,34.256,34.266,34.396,34.410,34.400,34.398,34.409	2023-01-30T13:59:27Z	2023-04-19T02:10:31Z	-122.292190952475	37.035329540158
ct169-594-21	228989	2022-05-30T22:30:00Z	302		0	16		4,10,20,30,34,38,50,96,100,112,150,200,226,290,300,302	10.382,10.382,10.368,10.340,10.266,9.714,9.677,8.711,8.671,8.388,8.428,8.207,7.836,7.550,7.567,7.575				16	4,10,20,30,34,38,50,96,100,112,150,200,226,290,300,302	34.146,34.144,34.146,34.138,34.138,34.166,34.197,34.231,34.235,34.292,34.390,34.429,34.430,34.427,34.423,34.421									0	0,0,0,0,0,0,0,0,0,0,0,0,0,0,0,0	0,0,0,0,0,0,0,0,0,0,0,0,0,0,0,0	34.146,34.144,34.146,34.138,34.138,34.166,34.197,34.231,34.235,34.292,34.390,34.429,34.430,34.427,34.423,34.421	2023-01-30T13:59:27Z	2023-04-19T02:10:31Z	-122.315505046964	37.0185580899542
ct169-594-21	228989	2022-05-30T23:00:00Z	370		0	16		4,10,20,30,46,50,72,76,96,100,114,150,200,300,364,370	10.524,10.517,10.517,10.517,10.380,9.777,9.258,8.980,8.619,8.563,8.317,8.303,8.114,7.423,7.016,7.020				16	4,10,20,30,46,50,72,76,96,100,114,150,200,300,364,370	34.106,34.109,34.113,34.125,34.109,34.147,34.193,34.196,34.243,34.264,34.291,34.384,34.416,34.441,34.454,34.454									0	0,0,0,0,0,0,0,0,0,0,0,0,0,0,0,0	0,0,0,0,0,0,0,0,0,0,0,0,0,0,0,0	34.106,34.109,34.113,34.125,34.109,34.147,34.193,34.196,34.243,34.264,34.291,34.384,34.416,34.441,34.454,34.454	2023-01-30T13:59:27Z	2023-04-19T02:10:31Z	-122.338819192904	37.001786620597
ct169-594-21	228989	2022-05-31T01:10:00Z	380		0	16		4,10,20,24,28,30,50,96,100,150,200,246,258,300,318,380	11.532,11.522,11.487,11.446,10.067,9.966,9.186,8.678,8.612,8.139,7.757,7.384,7.037,6.996,6.659,6.498				16	4,10,20,24,28,30,50,96,100,150,200,246,258,300,318,380	34.014,34.024,34.017,34.017,34.230,34.236,34.237,34.290,34.292,34.329,34.378,34.395,34.382,34.432,34.404,34.470									0	0,0,0,0,0,0,0,0,0,0,0,0,0,0,0,0	0,0,0,0,0,0,0,0,0,0,0,0,0,0,0,0	34.014,34.024,34.017,34.017,34.230,34.236,34.237,34.290,34.292,34.329,34.378,34.395,34.382,34.432,34.404,34.470	2023-01-30T13:59:27Z	2023-04-19T02:10:31Z	-122.439847564845	36.9291101021678
ct169-594-21	228989	2022-05-31T13:10:00Z	374		0	8		10,20,30,50,100,150,200,300	11.591,11.541,11.027,10.075,9.129,8.321,7.663,6.567				8	10,20,30,50,100,150,200,300	33.497,33.496,33.474,33.597,34.095,34.229,34.276,34.317									0	0,0,0,0,0,0,0,0	0,0,0,0,0,0,0,0	33.497,33.496,33.474,33.597,34.095,34.229,34.276,34.317	2023-01-30T13:59:27Z	2023-04-19T02:10:31Z	-122.941237465627	36.6472459521419
ct169-594-21	228989	2022-06-01T07:10:00Z	450		0	16		4,10,20,42,50,56,62,72,94,100,150,200,300,314,400,450	11.272,11.283,11.272,11.239,11.011,10.327,10.233,9.616,9.088,9.094,8.366,7.705,6.838,6.605,6.021,5.727				16	4,10,20,42,50,56,62,72,94,100,150,200,300,314,400,450	33.651,33.652,33.652,33.649,33.632,33.649,33.752,33.777,33.989,34.032,34.241,34.299,34.358,34.348,34.434,34.460									0	0,0,0,0,0,0,0,0,0,0,0,0,0,0,0,0	0,0,0,0,0,0,0,0,0,0,0,0,0,0,0,0	33.651,33.652,33.652,33.649,33.632,33.649,33.752,33.777,33.989,34.032,34.241,34.299,34.358,34.348,34.434,34.460	2023-01-30T13:59:27Z	2023-04-19T02:10:31Z	-123.749139157863	36.5454452701393
ct169-594-21	228989	2022-06-01T20:10:00Z	230		0	8		10,20,30,50,75,100,150,200	12.958,12.539,11.763,9.777,9.090,8.638,8.281,7.751				8	10,20,30,50,75,100,150,200	33.228,33.254,33.667,33.641,33.929,34.110,34.271,34.326									0	0,0,0,0,0,0,0,0	0,0,0,0,0,0,0,0	33.228,33.254,33.667,33.641,33.929,34.110,34.271,34.326	2023-01-30T13:59:27Z	2023-04-19T02:10:31Z	-124.437224890515	36.5333109998265
ct169-594-21	228989	2022-06-01T21:40:00Z	302		0	16		4,10,20,30,44,50,58,74,86,96,100,108,150,200,300,302	11.442,11.346,11.016,10.989,10.980,10.504,10.334,9.520,9.529,9.236,9.108,8.806,8.366,7.689,6.883,6.865				16	4,10,20,30,44,50,58,74,86,96,100,108,150,200,300,302	33.450,33.451,33.520,33.567,33.604,33.623,33.710,33.836,34.042,34.081,34.101,34.166,34.251,34.280,34.390,34.394									0	0,0,0,0,0,0,0,0,0,0,0,0,0,0,0,0	0,0,0,0,0,0,0,0,0,0,0,0,0,0,0,0	33.450,33.451,33.520,33.567,33.604,33.623,33.710,33.836,34.042,34.081,34.101,34.166,34.251,34.280,34.390,34.394	2023-01-30T13:59:27Z	2023-04-19T02:10:31Z	-124.504968565166	36.514243175275
ct169-594-21	228989	2022-06-02T02:00:00Z	186		0	16		4,10,16,20,30,40,50,56,75,88,96,100,125,140,150,186	13.078,12.453,11.470,11.142,10.902,10.819,10.371,9.632,9.247,9.211,8.820,8.779,8.555,8.071,8.112,7.873				16	4,10,16,20,30,40,50,56,75,88,96,100,125,140,150,186	33.282,33.374,33.540,33.543,33.532,33.545,33.627,33.635,33.870,34.054,34.062,34.070,34.197,34.178,34.210,34.274									0	0,0,0,0,0,0,0,0,0,0,0,0,0,0,0,0	0,0,0,0,0,0,0,0,0,0,0,0,0,0,0,0	33.282,33.374,33.540,33.543,33.532,33.545,33.627,33.635,33.870,34.054,34.062,34.070,34.197,34.178,34.210,34.274	2023-01-30T13:59:27Z	2023-04-19T02:10:31Z	-124.683919418204	36.4428944271654
ct169-594-21	228989	2022-06-02T02:20:00Z	250		0	8		10,20,30,50,75,100,150,200	11.905,11.102,11.011,9.982,9.546,8.805,8.182,7.764				8	10,20,30,50,75,100,150,200	33.433,33.519,33.542,33.577,33.917,34.036,34.194,34.284									0	0,0,0,0,0,0,0,0	0,0,0,0,0,0,0,0	33.433,33.519,33.542,33.577,33.917,34.036,34.194,34.284	2023-01-30T13:59:27Z	2023-04-19T02:10:31Z	-124.689157358657	36.429127488161
ct169-594-21	228989	2022-06-02T09:10:00Z	146		0	16		4,10,20,28,30,38,40,50,60,66,70,75,96,100,106,146	11.381,11.339,11.118,10.930,10.639,10.362,10.849,10.441,9.973,9.990,9.478,9.478,9.318,9.215,8.831,8.582				16	4,10,20,28,30,38,40,50,60,66,70,75,96,100,106,146	33.264,33.288,33.361,33.354,33.326,33.442,33.556,33.566,33.601,33.634,33.670,33.680,33.947,33.954,33.973,34.192									0	0,0,0,0,0,0,0,0,0,0,0,0,0,0,0,0	0,0,0,0,0,0,0,0,0,0,0,0,0,0,0,0	33.264,33.288,33.361,33.354,33.326,33.442,33.556,33.566,33.601,33.634,33.670,33.680,33.947,33.954,33.973,34.192	2023-01-30T13:59:27Z	2023-04-19T02:10:31Z	-124.872847945597	36.4187391105715
ct169-594-21	228989	2022-06-02T11:50:00Z	214		0	16		4,10,20,24,30,38,50,54,64,75,96,100,150,162,200,214	11.697,11.550,11.265,10.846,10.801,11.188,11.058,10.985,9.596,9.930,9.079,9.055,8.619,8.587,7.740,7.626				16	4,10,20,24,30,38,50,54,64,75,96,100,150,162,200,214	32.980,33.098,33.293,33.395,33.584,33.734,33.768,33.725,33.591,33.796,33.791,33.851,34.164,34.193,34.247,34.280									0	0,0,0,0,0,0,0,0,0,0,0,0,0,0,0,0	0,0,0,0,0,0,0,0,0,0,0,0,0,0,0,0	32.980,33.098,33.293,33.395,33.584,33.734,33.768,33.725,33.591,33.796,33.791,33.851,34.164,34.193,34.247,34.280	2023-01-30T13:59:27Z	2023-04-19T02:10:31Z	-124.99299224743	36.4821730084889
ct169-594-21	228989	2022-06-02T12:10:00Z	324		0	16		4,10,20,26,30,50,56,64,96,100,150,200,246,258,300,324	11.762,11.741,11.249,11.177,10.772,11.126,10.905,9.823,9.100,9.049,8.618,7.823,7.351,6.972,6.766,6.633				16	4,10,20,26,30,50,56,64,96,100,150,200,246,258,300,324	32.944,32.951,33.210,33.286,33.416,33.769,33.745,33.595,33.771,33.821,34.115,34.233,34.335,34.313,34.369,34.388									0	0,0,0,0,0,0,0,0,0,0,0,0,0,0,0,0	0,0,0,0,0,0,0,0,0,0,0,0,0,0,0,0	32.944,32.951,33.210,33.286,33.416,33.769,33.745,33.595,33.771,33.821,34.115,34.233,34.335,34.313,34.369,34.388	2023-01-30T13:59:27Z	2023-04-19T02:10:31Z	-125.008010237451	36.4901022387069
ct169-594-21	228989	2022-06-02T20:00:00Z	404		0	8		10,20,50,100,150,200,300,400	11.820,11.567,11.257,9.737,8.685,8.404,7.098,6.304				8	10,20,50,100,150,200,300,400	33.000,33.047,33.206,33.676,34.014,34.252,34.333,34.409									0	0,0,0,0,0,0,0,0	0,0,0,0,0,0,0,0	33.000,33.047,33.206,33.676,34.014,34.252,34.333,34.409	2023-01-30T13:59:27Z	2023-04-19T02:10:31Z	-125.262745283508	36.3444561872254
ct169-594-21	228989	2022-06-03T01:00:00Z	424		0	16		4,10,20,50,70,74,88,96,100,120,150,200,300,400,420,424	14.195,13.829,13.607,13.301,12.363,11.810,11.554,10.719,10.021,9.186,8.896,8.138,6.835,5.795,5.676,5.676				16	4,10,20,50,70,74,88,96,100,120,150,200,300,400,420,424	33.066,33.101,33.103,33.093,33.132,33.112,33.326,33.273,33.269,33.512,33.957,34.209,34.263,34.317,34.340,34.352									0	0,0,0,0,0,0,0,0,0,0,0,0,0,0,0,0	0,0,0,0,0,0,0,0,0,0,0,0,0,0,0,0	33.066,33.101,33.103,33.093,33.132,33.112,33.326,33.273,33.269,33.512,33.957,34.209,34.263,34.317,34.340,34.352	2023-01-30T13:59:27Z	2023-04-19T02:10:31Z	-125.489716789238	36.2760944322699
ct169-594-21	228989	2022-06-03T13:10:00Z	434		0	16		4,10,20,34,50,56,64,72,96,100,150,200,300,364,400,434	13.811,13.678,13.620,13.395,12.680,12.331,10.759,10.118,9.536,9.345,8.613,8.014,6.750,5.777,5.660,5.494				16	4,10,20,34,50,56,64,72,96,100,150,200,300,364,400,434	33.051,33.050,33.169,33.244,33.250,33.264,33.404,33.474,33.694,33.721,34.117,34.264,34.294,34.267,34.312,34.346									0	0,0,0,0,0,0,0,0,0,0,0,0,0,0,0,0	0,0,0,0,0,0,0,0,0,0,0,0,0,0,0,0	33.051,33.050,33.169,33.244,33.250,33.264,33.404,33.474,33.694,33.721,34.117,34.264,34.294,34.267,34.312,34.346	2023-01-30T13:59:27Z	2023-04-19T02:10:31Z	-125.975963576889	36.2877804527529
ct169-594-21	228989	2022-06-03T19:20:00Z	532		0	8		10,20,50,100,200,300,400,500	13.656,13.507,11.532,9.232,7.952,6.747,5.680,5.049				8	10,20,50,100,200,300,400,500	33.218,33.223,33.330,33.857,34.243,34.292,34.335,34.396									0	0,0,0,0,0,0,0,0	0,0,0,0,0,0,0,0	33.218,33.223,33.330,33.857,34.243,34.292,34.335,34.396	2023-01-30T13:59:27Z	2023-04-19T02:10:31Z	-126.233375232069	36.3215075949364
ct169-594-21	228989	2022-06-04T07:10:00Z	366		0	16		4,10,20,30,50,60,68,96,100,114,150,200,266,300,362,366	14.285,13.525,12.971,12.931,13.232,12.527,11.427,9.962,9.851,9.313,9.012,8.260,7.635,6.843,6.368,6.368				16	4,10,20,30,50,60,68,96,100,114,150,200,266,300,362,366	32.884,32.906,32.902,32.913,33.197,33.086,32.976,33.165,33.257,33.540,34.059,34.238,34.320,34.273,34.343,34.346									0	0,0,0,0,0,0,0,0,0,0,0,0,0,0,0,0	0,0,0,0,0,0,0,0,0,0,0,0,0,0,0,0	32.884,32.906,32.902,32.913,33.197,33.086,32.976,33.165,33.257,33.540,34.059,34.238,34.320,34.273,34.343,34.346	2023-01-30T13:59:27Z	2023-04-19T02:10:31Z	-126.745936445029	36.3860474401521
ct169-594-21	228989	2022-06-04T13:20:00Z	492		0	16		4,10,14,20,50,66,80,96,100,136,144,150,200,300,400,492	15.737,15.677,15.158,15.098,14.289,13.810,12.242,11.542,11.503,10.883,10.244,10.194,8.636,7.218,6.040,5.750				16	4,10,14,20,50,66,80,96,100,136,144,150,200,300,400,492	33.169,33.172,33.196,33.197,33.074,33.197,33.024,33.024,33.037,33.350,33.453,33.478,34.034,34.274,34.312,34.446									0	0,0,0,0,0,0,0,0,0,0,0,0,0,0,0,0	0,0,0,0,0,0,0,0,0,0,0,0,0,0,0,0	33.169,33.172,33.196,33.197,33.074,33.197,33.024,33.024,33.037,33.350,33.453,33.478,34.034,34.274,34.312,34.446	2023-01-30T13:59:27Z	2023-04-19T02:10:31Z	-127.114076174015	36.3640012626333
ct169-594-21	228989	2022-06-04T16:20:00Z	628		0	16		4,10,20,46,50,56,72,96,100,128,174,200,300,400,500,628	15.550,14.723,14.604,13.831,13.046,12.165,11.381,11.144,11.058,10.908,9.221,8.791,7.308,6.126,5.406,4.804				16	4,10,20,46,50,56,72,96,100,128,174,200,300,400,500,628	33.033,33.082,33.082,33.052,33.048,33.012,33.013,33.187,33.211,33.400,33.837,34.103,34.275,34.317,34.376,34.498									0	0,0,0,0,0,0,0,0,0,0,0,0,0,0,0,0	0,0,0,0,0,0,0,0,0,0,0,0,0,0,0,0	33.033,33.082,33.082,33.052,33.048,33.012,33.013,33.187,33.211,33.400,33.837,34.103,34.275,34.317,34.376,34.498	2023-01-30T13:59:27Z	2023-04-19T02:10:31Z	-127.120269791194	36.405301134122
ct169-594-21	228989	2022-06-05T14:20:00Z	582		0	16		4,10,20,44,50,96,100,130,134,168,200,300,400,432,500,582	16.496,16.472,15.812,15.105,14.339,12.760,12.241,11.286,10.709,9.306,8.634,7.396,6.088,5.522,5.369,4.709				16	4,10,20,44,50,96,100,130,134,168,200,300,400,432,500,582	33.271,33.270,33.283,33.254,33.203,33.093,33.062,33.282,33.282,33.654,33.910,34.253,34.297,34.273,34.379,34.402									0	0,0,0,0,0,0,0,0,0,0,0,0,0,0,0,0	0,0,0,0,0,0,0,0,0,0,0,0,0,0,0,0	33.271,33.270,33.283,33.254,33.203,33.093,33.062,33.282,33.282,33.654,33.910,34.253,34.297,34.273,34.379,34.402	2023-01-30T13:59:27Z	2023-04-19T02:10:31Z	-127.846111092603	36.7391525938567
ct169-594-21	228989	2022-06-05T19:20:00Z	540		0	16		4,10,20,42,50,96,100,104,112,116,130,200,300,400,500,540	16.983,16.935,16.814,16.140,15.466,13.744,13.371,13.298,11.565,11.203,11.107,8.867,7.579,6.170,5.183,4.942				16	4,10,20,42,50,96,100,104,112,116,130,200,300,400,500,540	33.353,33.340,33.340,33.439,33.412,33.335,33.328,33.281,33.043,33.038,33.267,34.081,34.242,34.247,34.299,34.352									0	0,0,0,0,0,0,0,0,0,0,0,0,0,0,0,0	0,0,0,0,0,0,0,0,0,0,0,0,0,0,0,0	33.353,33.340,33.340,33.439,33.412,33.335,33.328,33.281,33.043,33.038,33.267,34.081,34.242,34.247,34.299,34.352	2023-01-30T13:59:27Z	2023-04-19T02:10:31Z	-128.096246668586	36.7752553403586
ct169-594-21	228989	2022-06-06T01:10:00Z	600		0	15		4,10,20,50,96,100,112,134,158,170,200,300,400,500,600	17.099,16.900,16.838,15.955,13.840,13.728,13.069,11.166,10.432,9.449,9.026,7.484,6.140,5.083,4.660				15	4,10,20,50,96,100,112,134,158,170,200,300,400,500,600	33.418,33.424,33.429,33.517,33.401,33.401,33.340,33.377,33.605,33.675,33.981,34.256,34.298,34.326,34.412									0	0,0,0,0,0,0,0,0,0,0,0,0,0,0,0	0,0,0,0,0,0,0,0,0,0,0,0,0,0,0	33.418,33.424,33.429,33.517,33.401,33.401,33.340,33.377,33.605,33.675,33.981,34.256,34.298,34.326,34.412	2023-01-30T13:59:27Z	2023-04-19T02:10:31Z	-128.306468195826	36.8132219601699
ct169-594-21	228989	2022-06-06T20:10:00Z	332		0	16		4,10,20,30,50,72,96,100,120,132,144,150,194,200,300,332	17.041,16.888,16.959,16.622,15.364,14.219,13.718,13.452,11.611,11.079,11.141,10.200,8.799,8.390,7.234,6.815				16	4,10,20,30,50,72,96,100,120,132,144,150,194,200,300,332	33.228,33.256,33.540,33.523,33.464,33.411,33.414,33.407,33.282,33.375,33.489,33.451,33.957,33.971,34.271,34.290									0	0,0,0,0,0,0,0,0,0,0,0,0,0,0,0,0	0,0,0,0,0,0,0,0,0,0,0,0,0,0,0,0	33.228,33.256,33.540,33.523,33.464,33.411,33.414,33.407,33.282,33.375,33.489,33.451,33.957,33.971,34.271,34.290	2023-01-30T13:59:27Z	2023-04-19T02:10:31Z	-128.909841302201	37.11791362493
ct169-594-21	228989	2022-06-06T21:00:00Z	570		0	16		4,10,20,34,42,50,82,96,100,122,132,200,300,400,500,570	16.827,16.766,16.913,16.336,15.206,14.776,13.768,12.773,12.356,11.655,10.402,8.560,7.258,5.649,4.850,4.629				16	4,10,20,34,42,50,82,96,100,122,132,200,300,400,500,570	33.184,33.215,33.532,33.500,33.399,33.399,33.349,33.232,33.203,33.411,33.317,33.945,34.270,34.259,34.343,34.418									0	0,0,0,0,0,0,0,0,0,0,0,0,0,0,0,0	0,0,0,0,0,0,0,0,0,0,0,0,0,0,0,0	33.184,33.215,33.532,33.500,33.399,33.399,33.349,33.232,33.203,33.411,33.317,33.945,34.270,34.259,34.343,34.418	2023-01-30T13:59:27Z	2023-04-19T02:10:31Z	-128.933244529073	37.1322526841316
ct169-594-21	228989	2022-06-08T01:20:00Z	612		0	16		4,10,20,30,40,50,84,96,100,132,158,200,300,400,500,612	16.516,16.492,16.444,16.060,15.183,13.645,12.732,12.047,12.023,9.717,8.960,8.407,7.098,5.608,4.827,4.503				16	4,10,20,30,40,50,84,96,100,132,158,200,300,400,500,612	33.166,33.167,33.174,33.161,33.117,32.962,33.054,33.029,33.069,33.415,33.742,34.071,34.253,34.265,34.347,34.448									0	0,0,0,0,0,0,0,0,0,0,0,0,0,0,0,0	0,0,0,0,0,0,0,0,0,0,0,0,0,0,0,0	33.166,33.167,33.174,33.161,33.117,32.962,33.054,33.029,33.069,33.415,33.742,34.071,34.253,34.265,34.347,34.448	2023-01-30T13:59:27Z	2023-04-19T02:10:31Z	-129.687505013343	37.46757222945
ct169-594-21	228989	2022-06-08T07:20:00Z	378		0	16		4,10,20,30,50,70,80,84,100,124,132,138,150,200,300,378	16.425,16.425,16.393,15.724,14.268,12.908,11.867,11.124,10.901,9.806,9.743,9.084,8.956,8.680,6.757,5.801				16	4,10,20,30,50,70,80,84,100,124,132,138,150,200,300,378	33.119,33.120,33.124,33.136,33.135,33.088,32.946,32.884,32.941,33.409,33.558,33.655,33.775,34.234,34.229,34.234									0	0,0,0,0,0,0,0,0,0,0,0,0,0,0,0,0	0,0,0,0,0,0,0,0,0,0,0,0,0,0,0,0	33.119,33.120,33.124,33.136,33.135,33.088,32.946,32.884,32.941,33.409,33.558,33.655,33.775,34.234,34.229,34.234	2023-01-30T13:59:27Z	2023-04-19T02:10:31Z	-129.956208203981	37.5065535819778
ct169-594-21	228989	2022-06-08T14:20:00Z	378		0	8		10,20,30,50,100,150,200,300	16.391,16.243,15.546,14.427,12.009,9.338,7.987,6.910				8	10,20,30,50,100,150,200,300	33.063,33.067,33.124,33.156,33.165,33.694,34.076,34.231									0	0,0,0,0,0,0,0,0	0,0,0,0,0,0,0,0	33.063,33.067,33.124,33.156,33.165,33.694,34.076,34.231	2023-01-30T13:59:27Z	2023-04-19T02:10:31Z	-130.177667254367	37.5927704140153
ct169-594-21	228989	2022-06-08T17:00:00Z	566		0	8		10,20,50,100,200,300,400,500	16.170,16.159,14.259,11.118,8.012,6.704,5.395,5.077				8	10,20,50,100,200,300,400,500	33.060,33.075,33.169,32.926,34.123,34.250,34.291,34.415									0	0,0,0,0,0,0,0,0	0,0,0,0,0,0,0,0	33.060,33.075,33.169,32.926,34.123,34.250,34.291,34.415	2023-01-30T13:59:27Z	2023-04-19T02:10:31Z	-130.223567510462	37.6367704199331
ct169-594-21	228989	2022-06-08T19:10:00Z	596		0	16		4,10,20,50,92,96,100,116,120,128,200,300,400,500,594,596	16.198,16.152,15.702,14.295,13.234,12.623,12.000,11.527,9.982,9.451,8.021,6.787,5.680,5.057,4.665,4.665				16	4,10,20,50,92,96,100,116,120,128,200,300,400,500,594,596	33.040,33.040,33.101,33.292,33.403,33.359,33.349,33.410,33.283,33.320,34.151,34.287,34.337,34.429,34.504,34.504									0	0,0,0,0,0,0,0,0,0,0,0,0,0,0,0,0	0,0,0,0,0,0,0,0,0,0,0,0,0,0,0,0	33.040,33.040,33.101,33.292,33.403,33.359,33.349,33.410,33.283,33.320,34.151,34.287,34.337,34.429,34.504,34.504	2023-01-30T13:59:27Z	2023-04-19T02:10:31Z	-130.283318469184	37.6399959389114
ct169-594-21	228989	2022-06-09T01:20:00Z	610		0	16		4,10,20,24,32,50,74,96,100,152,200,300,386,400,500,610	15.758,15.679,14.477,14.331,12.983,12.556,10.905,10.287,10.220,8.872,8.141,6.748,5.614,5.726,5.052,4.524				16	4,10,20,24,32,50,74,96,100,152,200,300,386,400,500,610	32.951,32.942,32.967,32.961,32.954,32.940,32.918,33.024,33.051,33.779,34.111,34.271,34.279,34.337,34.429,34.500									0	0,0,0,0,0,0,0,0,0,0,0,0,0,0,0,0	0,0,0,0,0,0,0,0,0,0,0,0,0,0,0,0	32.951,32.942,32.967,32.961,32.954,32.940,32.918,33.024,33.051,33.779,34.111,34.271,34.279,34.337,34.429,34.500	2023-01-30T13:59:27Z	2023-04-19T02:10:31Z	-130.483973713887	37.7054506624709
ct169-594-21	228989	2022-06-10T01:10:00Z	546		0	8		10,20,50,100,200,300,400,500	15.844,15.112,12.564,9.685,7.617,6.166,5.457,4.726				8	10,20,50,100,200,300,400,500	32.930,32.948,32.950,33.296,34.219,34.281,34.355,34.411									0	0,0,0,0,0,0,0,0	0,0,0,0,0,0,0,0	32.930,32.948,32.950,33.296,34.219,34.281,34.355,34.411	2023-01-30T13:59:27Z	2023-04-19T02:10:31Z	-131.310980684349	38.0814474482041
ct169-594-21	228989	2022-06-10T07:20:00Z	390		0	8		10,20,30,50,100,150,200,300	15.893,15.768,13.801,12.085,10.285,8.476,7.733,6.383				8	10,20,30,50,100,150,200,300	32.932,32.918,32.870,32.918,33.309,33.892,34.165,34.271									0	0,0,0,0,0,0,0,0	0,0,0,0,0,0,0,0	32.932,32.918,32.870,32.918,33.309,33.892,34.165,34.271	2023-01-30T13:59:27Z	2023-04-19T02:10:31Z	-131.604670776222	38.0649567232896
ct169-594-21	228989	2022-06-10T14:00:00Z	194		0	16		4,10,20,24,30,34,38,50,54,66,75,96,100,125,150,194	15.342,15.282,15.041,14.966,13.997,12.697,12.261,11.960,11.802,10.690,10.382,9.668,9.646,8.864,8.548,7.827				16	4,10,20,24,30,34,38,50,54,66,75,96,100,125,150,194	32.818,32.826,32.869,32.870,32.848,32.840,32.840,32.910,32.939,33.066,33.142,33.320,33.353,33.704,33.970,34.190									0	0,0,0,0,0,0,0,0,0,0,0,0,0,0,0,0	0,0,0,0,0,0,0,0,0,0,0,0,0,0,0,0	32.818,32.826,32.869,32.870,32.848,32.840,32.840,32.910,32.939,33.066,33.142,33.320,33.353,33.704,33.970,34.190	2023-01-30T13:59:27Z	2023-04-19T02:10:31Z	-131.799326483045	38.1407006352292
ct169-594-21	228989	2022-06-10T15:40:00Z	546		0	16		4,10,20,32,36,50,60,70,96,100,122,200,300,400,500,546	15.673,15.640,15.253,14.568,13.496,11.927,10.878,10.325,10.016,9.530,8.812,7.795,6.635,5.464,4.790,4.624				16	4,10,20,32,36,50,60,70,96,100,122,200,300,400,500,546	32.855,32.855,32.844,32.871,32.926,32.950,32.942,33.018,33.414,33.448,33.752,34.211,34.287,34.314,34.388,34.428									0	0,0,0,0,0,0,0,0,0,0,0,0,0,0,0,0	0,0,0,0,0,0,0,0,0,0,0,0,0,0,0,0	32.855,32.855,32.844,32.871,32.926,32.950,32.942,33.018,33.414,33.448,33.752,34.211,34.287,34.314,34.388,34.428	2023-01-30T13:59:27Z	2023-04-19T02:10:31Z	-131.86657155633	38.1564152100973
ct169-594-21	228989	2022-06-11T01:10:00Z	546		0	8		10,20,50,100,200,300,400,500	15.272,14.664,12.264,10.343,8.348,6.876,5.702,4.891				8	10,20,50,100,200,300,400,500	32.899,32.865,32.819,33.149,34.099,34.270,34.309,34.374									0	0,0,0,0,0,0,0,0	0,0,0,0,0,0,0,0	32.899,32.865,32.819,33.149,34.099,34.270,34.309,34.374	2023-01-30T13:59:27Z	2023-04-19T02:10:31Z	-132.26638294103	38.2318792531753
ct169-594-21	228989	2022-06-11T14:40:00Z	286		0	16		4,10,16,20,26,30,40,50,75,96,100,112,150,176,200,286	15.555,15.555,15.530,15.226,14.304,14.032,13.777,12.805,12.286,11.323,11.142,10.467,9.545,9.109,8.384,7.322				16	4,10,16,20,26,30,40,50,75,96,100,112,150,176,200,286	32.933,32.937,32.940,32.941,32.963,32.954,32.940,32.947,32.921,32.881,32.878,32.862,33.419,33.718,34.006,34.230									0	0,0,0,0,0,0,0,0,0,0,0,0,0,0,0,0	0,0,0,0,0,0,0,0,0,0,0,0,0,0,0,0	32.933,32.937,32.940,32.941,32.963,32.954,32.940,32.947,32.921,32.881,32.878,32.862,33.419,33.718,34.006,34.230	2023-01-30T13:59:27Z	2023-04-19T02:10:31Z	-132.748212363507	38.3590393837261
ct169-594-21	228989	2022-06-11T15:10:00Z	558		0	8		10,20,50,100,200,300,400,500	15.601,15.568,12.930,10.976,8.392,6.915,5.895,5.070				8	10,20,50,100,200,300,400,500	32.983,32.989,32.946,32.888,34.000,34.241,34.310,34.364									0	0,0,0,0,0,0,0,0	0,0,0,0,0,0,0,0	32.983,32.989,32.946,32.888,34.000,34.241,34.310,34.364	2023-01-30T13:59:27Z	2023-04-19T02:10:31Z	-132.766085583316	38.3638832684281
ct169-594-21	228989	2022-06-11T20:00:00Z	606		0	8		10,20,50,100,200,300,400,500	16.290,16.255,13.823,13.150,8.828,7.341,6.042,4.885				8	10,20,50,100,200,300,400,500	33.224,33.224,33.256,33.589,33.995,34.235,34.275,34.295									0	0,0,0,0,0,0,0,0	0,0,0,0,0,0,0,0	33.224,33.224,33.256,33.589,33.995,34.235,34.275,34.295	2023-01-30T13:59:27Z	2023-04-19T02:10:31Z	-133.032689494854	38.3989732774471
ct169-594-21	228989	2022-06-12T07:10:00Z	484		0	16		4,10,20,24,28,50,96,100,116,150,170,186,200,300,400,484	15.940,15.907,15.680,14.270,13.576,13.869,12.633,12.449,10.432,10.064,9.185,9.673,9.055,7.646,6.030,5.098				16	4,10,20,24,28,50,96,100,116,150,170,186,200,300,400,484	32.984,32.984,33.006,33.121,33.159,33.429,33.326,33.305,33.009,33.403,33.644,34.034,34.085,34.278,34.265,34.290									0	0,0,0,0,0,0,0,0,0,0,0,0,0,0,0,0	0,0,0,0,0,0,0,0,0,0,0,0,0,0,0,0	32.984,32.984,33.006,33.121,33.159,33.429,33.326,33.305,33.009,33.403,33.644,34.034,34.085,34.278,34.265,34.290	2023-01-30T13:59:27Z	2023-04-19T02:10:31Z	-133.378243083962	38.5228432015396
ct169-594-21	228989	2022-06-12T13:20:00Z	490		0	8		10,20,50,100,150,200,300,400	15.997,15.953,11.626,10.624,9.126,8.873,7.364,5.977				8	10,20,50,100,150,200,300,400	33.146,33.148,32.850,32.938,33.581,34.144,34.239,34.261									0	0,0,0,0,0,0,0,0	0,0,0,0,0,0,0,0	33.146,33.148,32.850,32.938,33.581,34.144,34.239,34.261	2023-01-30T13:59:27Z	2023-04-19T02:10:31Z	-133.586401817197	38.6051721954939
ct169-594-21	228989	2022-06-12T16:00:00Z	614		0	16		4,10,20,28,36,50,66,88,100,106,148,200,300,400,500,614	15.884,15.884,15.849,15.515,13.084,12.335,12.658,11.091,10.918,10.964,9.224,8.833,7.185,5.860,4.973,4.362				16	4,10,20,28,36,50,66,88,100,106,148,200,300,400,500,614	33.139,33.145,33.145,33.100,33.120,33.013,33.190,33.000,33.021,33.100,33.551,34.194,34.245,34.270,34.315,34.408									0	0,0,0,0,0,0,0,0,0,0,0,0,0,0,0,0	0,0,0,0,0,0,0,0,0,0,0,0,0,0,0,0	33.139,33.145,33.145,33.100,33.120,33.013,33.190,33.000,33.021,33.100,33.551,34.194,34.245,34.270,34.315,34.408	2023-01-30T13:59:27Z	2023-04-19T02:10:31Z	-133.676021018951	38.6406876373879
ct169-594-21	228989	2022-06-13T13:20:00Z	498		0	8		10,20,50,100,150,200,300,400	15.804,15.750,13.194,10.758,9.242,8.051,6.958,5.810				8	10,20,50,100,150,200,300,400	33.197,33.188,33.190,33.057,33.707,34.084,34.255,34.271									0	0,0,0,0,0,0,0,0	0,0,0,0,0,0,0,0	33.197,33.188,33.190,33.057,33.707,34.084,34.255,34.271	2023-01-30T13:59:27Z	2023-04-19T02:10:31Z	-134.556745376787	38.9111519648187
ct169-594-21	228989	2022-06-13T16:40:00Z	612		0	8		10,20,50,100,200,300,400,500	15.800,15.709,13.286,11.443,8.292,6.949,5.687,4.777				8	10,20,50,100,200,300,400,500	33.185,33.184,33.213,33.208,34.088,34.263,34.283,34.319									0	0,0,0,0,0,0,0,0	0,0,0,0,0,0,0,0	33.185,33.184,33.213,33.208,34.088,34.263,34.283,34.319	2023-01-30T13:59:27Z	2023-04-19T02:10:31Z	-134.684843634717	38.9352747804991
ct169-594-21	228989	2022-06-14T19:10:00Z	650		0	8		10,20,50,100,200,300,400,500	16.176,16.105,14.070,13.052,9.833,7.904,6.472,5.360				8	10,20,50,100,200,300,400,500	33.524,33.507,33.420,33.453,34.058,34.238,34.280,34.311									0	0,0,0,0,0,0,0,0	0,0,0,0,0,0,0,0	33.524,33.507,33.420,33.453,34.058,34.238,34.280,34.311	2023-01-30T13:59:27Z	2023-04-19T02:10:31Z	-135.670026276233	39.1704165567915
ct169-594-21	228989	2022-06-15T07:20:00Z	468		0	16		4,10,20,36,50,62,98,100,106,116,140,150,200,300,400,468	16.030,16.030,16.030,15.950,15.237,14.193,13.772,13.772,13.742,12.457,12.999,11.523,10.219,8.101,6.816,5.993				16	4,10,20,36,50,62,98,100,106,116,140,150,200,300,400,468	33.446,33.446,33.452,33.465,33.484,33.446,33.550,33.604,33.600,33.455,33.757,33.624,34.010,34.255,34.281,34.288									0	0,0,0,0,0,0,0,0,0,0,0,0,0,0,0,0	0,0,0,0,0,0,0,0,0,0,0,0,0,0,0,0	33.446,33.446,33.452,33.465,33.484,33.446,33.550,33.604,33.600,33.455,33.757,33.624,34.010,34.255,34.281,34.288	2023-01-30T13:59:27Z	2023-04-19T02:10:31Z	-136.36798312046	39.2787189294259
ct169-594-21	228989	2022-06-15T14:20:00Z	570		0	16		4,10,20,38,42,50,72,82,96,100,150,200,300,400,500,570	16.616,16.616,16.616,16.296,15.062,14.647,13.675,14.481,14.054,13.734,10.389,9.666,7.780,6.298,5.219,4.756				16	4,10,20,38,42,50,72,82,96,100,150,200,300,400,500,570	33.626,33.628,33.632,33.629,33.633,33.602,33.646,33.935,33.977,33.960,33.838,34.206,34.243,34.249,34.284,34.362									0	0,0,0,0,0,0,0,0,0,0,0,0,0,0,0,0	0,0,0,0,0,0,0,0,0,0,0,0,0,0,0,0	33.626,33.628,33.632,33.629,33.633,33.602,33.646,33.935,33.977,33.960,33.838,34.206,34.243,34.249,34.284,34.362	2023-01-30T13:59:27Z	2023-04-19T02:10:31Z	-136.370990523855	39.288140230662
ct169-594-21	228989	2022-06-15T19:10:00Z	646		0	8		10,20,50,100,200,300,400,500	15.877,15.842,13.719,12.141,9.508,8.058,6.608,5.401				8	10,20,50,100,200,300,400,500	33.417,33.421,33.477,33.671,34.219,34.277,34.265,34.301									0	0,0,0,0,0,0,0,0	0,0,0,0,0,0,0,0	33.417,33.421,33.477,33.671,34.219,34.277,34.265,34.301	2023-01-30T13:59:27Z	2023-04-19T02:10:31Z	-136.708753744886	39.388328895497
ct169-594-21	228989	2022-06-16T01:10:00Z	654		0	16		4,10,20,50,82,98,100,114,120,134,154,200,300,400,500,654	15.464,15.464,15.464,15.065,13.269,14.034,14.034,13.236,12.072,11.817,10.431,9.312,7.383,6.020,5.077,4.379				16	4,10,20,50,82,98,100,114,120,134,154,200,300,400,500,654	33.346,33.346,33.348,33.430,33.451,33.770,33.821,33.736,33.619,33.615,33.754,34.072,34.243,34.251,34.316,34.442									0	0,0,0,0,0,0,0,0,0,0,0,0,0,0,0,0	0,0,0,0,0,0,0,0,0,0,0,0,0,0,0,0	33.346,33.346,33.348,33.430,33.451,33.770,33.821,33.736,33.619,33.615,33.754,34.072,34.243,34.251,34.316,34.442	2023-01-30T13:59:27Z	2023-04-19T02:10:31Z	-136.945902347314	39.4270543839647
ct169-594-21	228989	2022-06-16T13:10:00Z	508		0	8		10,20,50,100,200,300,400,500	15.129,15.129,13.445,11.913,8.697,7.358,5.978,5.024				8	10,20,50,100,200,300,400,500	33.319,33.324,33.330,33.515,34.064,34.238,34.249,34.301									0	0,0,0,0,0,0,0,0	0,0,0,0,0,0,0,0	33.319,33.324,33.330,33.515,34.064,34.238,34.249,34.301	2023-01-30T13:59:27Z	2023-04-19T02:10:31Z	-137.379181209878	39.4521787179713
ct169-594-21	228989	2022-06-16T19:20:00Z	632		0	8		10,20,50,100,200,300,400,500	15.152,15.130,13.764,12.375,8.953,7.346,5.903,4.930				8	10,20,50,100,200,300,400,500	33.230,33.238,33.436,33.575,34.171,34.246,34.253,34.305									0	0,0,0,0,0,0,0,0	0,0,0,0,0,0,0,0	33.230,33.238,33.436,33.575,34.171,34.246,34.253,34.305	2023-01-30T13:59:27Z	2023-04-19T02:10:31Z	-137.638592631329	39.5263753733069
ct169-594-21	228989	2022-06-17T01:40:00Z	644		0	8		10,20,50,100,200,300,400,500	15.022,15.000,13.750,11.583,9.136,7.551,6.247,5.223				8	10,20,50,100,200,300,400,500	33.164,33.168,33.431,33.517,34.292,34.260,34.271,34.319									0	0,0,0,0,0,0,0,0	0,0,0,0,0,0,0,0	33.164,33.168,33.431,33.517,34.292,34.260,34.271,34.319	2023-01-30T13:59:27Z	2023-04-19T02:10:31Z	-137.79548085946	39.5267943543081
ct169-594-21	228989	2022-06-17T07:10:00Z	518		0	16		4,10,20,38,50,64,72,84,96,100,124,200,300,400,500,518	14.744,14.744,14.724,14.694,13.833,13.734,13.140,13.160,12.615,12.586,10.873,9.308,7.724,6.071,5.001,4.843				16	4,10,20,38,50,64,72,84,96,100,124,200,300,400,500,518	33.092,33.096,33.099,33.192,33.459,33.530,33.513,33.598,33.666,33.666,33.618,34.214,34.255,34.266,34.302,34.306									0	0,0,0,0,0,0,0,0,0,0,0,0,0,0,0,0	0,0,0,0,0,0,0,0,0,0,0,0,0,0,0,0	33.092,33.096,33.099,33.192,33.459,33.530,33.513,33.598,33.666,33.666,33.618,34.214,34.255,34.266,34.302,34.306	2023-01-30T13:59:27Z	2023-04-19T02:10:31Z	-138.208247265922	39.5830237550293
ct169-594-21	228989	2022-06-17T14:00:00Z	262		0	16		4,10,20,30,42,46,50,75,78,96,100,110,124,150,200,262	14.999,14.999,14.999,14.985,14.944,14.127,13.927,12.842,12.574,12.285,11.949,11.681,10.602,9.943,9.208,8.129				16	4,10,20,30,42,46,50,75,78,96,100,110,124,150,200,262	33.224,33.229,33.229,33.234,33.228,33.340,33.397,33.379,33.375,33.555,33.567,33.594,33.684,33.855,34.211,34.230									0	0,0,0,0,0,0,0,0,0,0,0,0,0,0,0,0	0,0,0,0,0,0,0,0,0,0,0,0,0,0,0,0	33.224,33.229,33.229,33.234,33.228,33.340,33.397,33.379,33.375,33.555,33.567,33.594,33.684,33.855,34.211,34.230	2023-01-30T13:59:27Z	2023-04-19T02:10:31Z	-138.370624984894	39.6697459301555
ct169-594-21	228989	2022-06-18T14:20:00Z	238		0	16		4,10,20,30,32,36,50,75,96,100,120,134,150,180,200,238	14.896,14.707,14.673,14.606,14.471,13.694,13.330,11.932,11.581,11.581,10.562,10.346,9.563,9.117,8.604,8.145				16	4,10,20,30,32,36,50,75,96,100,120,134,150,180,200,238	33.044,33.049,33.049,33.060,33.075,33.332,33.358,33.175,33.367,33.440,33.550,33.654,33.843,34.057,34.121,34.202									0	0,0,0,0,0,0,0,0,0,0,0,0,0,0,0,0	0,0,0,0,0,0,0,0,0,0,0,0,0,0,0,0	33.044,33.049,33.049,33.060,33.075,33.332,33.358,33.175,33.367,33.440,33.550,33.654,33.843,34.057,34.121,34.202	2023-01-30T13:59:27Z	2023-04-19T02:10:31Z	-139.254126564053	39.9516771532504
ct169-594-21	228989	2022-06-18T17:40:00Z	636		0	8		10,20,50,100,200,300,400,500	14.397,14.347,13.231,11.885,8.709,7.292,5.905,5.021				8	10,20,50,100,200,300,400,500	33.020,33.025,33.310,33.549,34.155,34.249,34.250,34.295									0	0,0,0,0,0,0,0,0	0,0,0,0,0,0,0,0	33.020,33.025,33.310,33.549,34.155,34.249,34.250,34.295	2023-01-30T13:59:27Z	2023-04-19T02:10:31Z	-139.362452285519	40.0079723886854
ct169-594-21	228989	2022-06-18T19:20:00Z	640		0	8		10,20,50,100,200,300,400,500	14.177,14.137,13.262,11.969,8.796,7.364,6.001,5.016				8	10,20,50,100,200,300,400,500	32.956,32.962,33.374,33.545,34.230,34.249,34.267,34.328									0	0,0,0,0,0,0,0,0	0,0,0,0,0,0,0,0	32.956,32.962,33.374,33.545,34.230,34.249,34.267,34.328	2023-01-30T13:59:27Z	2023-04-19T02:10:31Z	-139.504868351026	40.0517339065817
ct169-594-21	228989	2022-06-19T07:10:00Z	436		0	16		4,10,20,34,44,50,96,100,110,114,120,150,200,300,400,436	14.344,14.148,14.059,13.596,12.242,12.019,10.683,10.478,10.335,9.667,9.516,9.275,8.999,7.244,5.792,5.436				16	4,10,20,34,44,50,96,100,110,114,120,150,200,300,400,436	32.949,32.944,32.945,32.994,33.096,33.098,33.158,33.181,33.306,33.332,33.426,33.911,34.256,34.222,34.227,34.240									0	0,0,0,0,0,0,0,0,0,0,0,0,0,0,0,0	0,0,0,0,0,0,0,0,0,0,0,0,0,0,0,0	32.949,32.944,32.945,32.994,33.096,33.098,33.158,33.181,33.306,33.332,33.426,33.911,34.256,34.222,34.227,34.240	2023-01-30T13:59:27Z	2023-04-19T02:10:31Z	-139.835267184756	40.2005014534009
ct169-594-21	228989	2022-06-19T17:50:00Z	590		0	16		4,10,20,36,40,44,50,96,100,106,128,200,300,400,500,590	14.026,13.930,13.852,13.583,13.255,12.484,12.108,11.240,11.115,11.009,9.717,9.225,7.394,5.948,5.051,4.386				16	4,10,20,36,40,44,50,96,100,106,128,200,300,400,500,590	33.034,33.034,33.037,33.035,33.037,33.092,33.114,33.320,33.354,33.352,33.551,34.294,34.229,34.229,34.278,34.352									0	0,0,0,0,0,0,0,0,0,0,0,0,0,0,0,0	0,0,0,0,0,0,0,0,0,0,0,0,0,0,0,0	33.034,33.034,33.037,33.035,33.037,33.092,33.114,33.320,33.354,33.352,33.551,34.294,34.229,34.229,34.278,34.352	2023-01-30T13:59:27Z	2023-04-19T02:10:31Z	-140.234737432138	40.3467333406034
ct169-594-21	228989	2022-06-19T19:10:00Z	634		0	8		10,20,50,100,200,300,400,500	13.816,13.706,12.243,10.433,9.278,7.288,5.885,4.950				8	10,20,50,100,200,300,400,500	33.030,33.030,33.129,33.175,34.295,34.229,34.233,34.275									0	0,0,0,0,0,0,0,0	0,0,0,0,0,0,0,0	33.030,33.030,33.129,33.175,34.295,34.229,34.233,34.275	2023-01-30T13:59:27Z	2023-04-19T02:10:31Z	-140.258287390387	40.3529176121754
ct169-594-21	228989	2022-06-20T02:10:00Z	626		0	8		10,20,50,100,200,300,400,500	14.117,13.917,12.000,10.785,9.270,7.573,6.148,4.954				8	10,20,50,100,200,300,400,500	33.034,33.032,33.078,33.012,34.172,34.222,34.225,34.263									0	0,0,0,0,0,0,0,0	0,0,0,0,0,0,0,0	33.034,33.032,33.078,33.012,34.172,34.222,34.225,34.263	2023-01-30T13:59:27Z	2023-04-19T02:10:31Z	-140.425601248748	40.3862344961236
ct169-594-21	228989	2022-06-20T17:40:00Z	582		0	16		4,10,20,38,50,60,66,96,100,154,200,300,400,500,580,582	14.804,14.444,14.351,14.207,13.014,12.191,11.995,11.553,11.501,9.865,9.371,7.818,6.305,4.999,4.515,4.515				16	4,10,20,38,50,60,66,96,100,154,200,300,400,500,580,582	33.069,33.004,33.005,33.009,33.062,33.082,33.090,33.087,33.085,33.499,34.176,34.234,34.230,34.253,34.324,34.324									0	0,0,0,0,0,0,0,0,0,0,0,0,0,0,0,0	0,0,0,0,0,0,0,0,0,0,0,0,0,0,0,0	33.069,33.004,33.005,33.009,33.062,33.082,33.090,33.087,33.085,33.499,34.176,34.234,34.230,34.253,34.324,34.324	2023-01-30T13:59:27Z	2023-04-19T02:10:31Z	-141.012839991035	40.5248642502752
ct169-594-21	228989	2022-06-21T01:20:00Z	628		0	8		10,20,50,100,200,300,400,500	14.486,14.339,12.057,11.519,9.417,7.833,6.354,5.224				8	10,20,50,100,200,300,400,500	33.048,33.049,33.122,33.097,34.185,34.257,34.240,34.264									0	0,0,0,0,0,0,0,0	0,0,0,0,0,0,0,0	33.048,33.049,33.122,33.097,34.185,34.257,34.240,34.264	2023-01-30T13:59:27Z	2023-04-19T02:10:31Z	-141.278135173391	40.5974511918292
ct169-594-21	228989	2022-06-25T00:00:00Z	82		0	16		4,10,20,30,32,36,40,44,50,54,60,62,70,75,78,82	4.338,4.336,4.312,4.284,4.280,4.254,4.249,4.238,4.236,4.226,4.225,4.202,4.195,4.195,4.205,4.205				16	4,10,20,30,32,36,40,44,50,54,60,62,70,75,78,82	33.065,33.048,33.049,33.122,33.373,33.049,33.097,33.110,34.185,33.814,34.257,33.098,34.240,34.264,34.225,34.368									0	0,0,0,0,0,0,0,0,0,0,0,0,0,0,0,0	0,0,0,0,0,0,0,0,0,0,0,0,0,0,0,0	33.065,33.048,33.049,33.122,33.373,33.049,33.097,33.110,34.185,33.814,34.257,33.098,34.240,34.264,34.225,34.368	2023-01-30T13:59:27Z	2023-04-19T02:10:31Z	-145.061460167083	41.4463531403647
ct169-594-21	228989	2022-06-30T06:00:00Z	74		0	8		10,14,20,26,30,36,40,50	7.697,7.692,7.579,7.513,7.424,7.342,7.292,7.132				8	10,14,20,26,30,36,40,50	33.048,33.049,33.122,33.097,34.185,34.257,34.240,34.264									0	0,0,0,0,0,0,0,0	0,0,0,0,0,0,0,0	33.048,33.049,33.122,33.097,34.185,34.257,34.240,34.264	2023-01-30T13:59:27Z	2023-04-19T02:10:31Z	-149.010286961831	42.5909331548209
ct169-594-21	228989	2022-07-01T03:20:00Z	204		0	16		4,10,20,30,32,34,36,50,56,75,96,100,128,150,200,204	6.106,6.071,5.957,5.866,5.802,5.654,5.606,5.464,5.358,5.198,4.967,4.944,4.738,4.655,4.516,4.508				16	4,10,20,30,32,34,36,50,56,75,96,100,128,150,200,204	33.065,33.048,33.049,33.122,34.225,33.814,33.049,33.097,33.110,34.185,33.098,34.257,33.373,34.240,34.264,34.368									0	0,0,0,0,0,0,0,0,0,0,0,0,0,0,0,0	0,0,0,0,0,0,0,0,0,0,0,0,0,0,0,0	33.065,33.048,33.049,33.122,34.225,33.814,33.049,33.097,33.110,34.185,33.098,34.257,33.373,34.240,34.264,34.368	2023-01-30T13:59:27Z	2023-04-19T02:10:31Z	-149.773244449124	42.5121472815166
ct169-594-21	228989	2022-07-01T06:40:00Z	86		0	16		4,10,12,16,18,20,24,30,40,50,56,60,70,75,84,86	6.629,6.662,6.662,6.522,6.392,6.372,6.282,6.234,6.173,6.071,5.971,5.951,5.831,5.801,5.667,5.667				16	4,10,12,16,18,20,24,30,40,50,56,60,70,75,84,86	33.065,33.048,33.049,33.110,33.373,33.049,33.814,33.122,33.097,34.185,34.225,34.257,34.240,34.264,33.098,34.368									0	0,0,0,0,0,0,0,0,0,0,0,0,0,0,0,0	0,0,0,0,0,0,0,0,0,0,0,0,0,0,0,0	33.065,33.048,33.049,33.110,33.373,33.049,33.814,33.122,33.097,34.185,34.225,34.257,34.240,34.264,33.098,34.368	2023-01-30T13:59:27Z	2023-04-19T02:10:31Z	-149.852438848561	42.5080751781191
ct169-594-21	228989	2022-07-02T06:10:00Z	84		0	16		4,10,20,30,36,40,42,46,50,52,60,64,68,70,75,84	7.358,7.293,7.266,7.112,6.995,6.994,6.918,6.916,6.762,6.674,6.526,6.469,6.469,6.550,6.611,6.537				16	4,10,20,30,36,40,42,46,50,52,60,64,68,70,75,84	33.065,33.048,33.049,33.122,33.814,33.097,33.110,33.049,34.185,34.225,34.257,33.098,33.373,34.240,34.264,34.368									0	0,0,0,0,0,0,0,0,0,0,0,0,0,0,0,0	0,0,0,0,0,0,0,0,0,0,0,0,0,0,0,0	33.065,33.048,33.049,33.122,33.814,33.097,33.110,33.049,34.185,34.225,34.257,33.098,33.373,34.240,34.264,34.368	2023-01-30T13:59:27Z	2023-04-19T02:10:31Z	-150.78853137024	42.5085978606675
ct169-594-21	228989	2022-07-29T00:00:00Z	32		0	13		4,8,10,12,14,16,18,20,22,24,28,30,32	8.924,8.924,8.898,8.871,8.871,8.835,8.798,8.798,8.860,8.838,8.838,8.733,8.689				13	4,8,10,12,14,16,18,20,22,24,28,30,32	33.065,33.373,33.048,33.049,33.122,33.097,34.185,34.257,34.240,34.264,33.098,33.049,34.368									0	0,0,0,0,0,0,0,0,0,0,0,0,0	0,0,0,0,0,0,0,0,0,0,0,0,0	33.065,33.373,33.048,33.049,33.122,33.097,34.185,34.257,34.240,34.264,33.098,33.049,34.368	2023-01-30T13:59:27Z	2023-04-19T02:10:31Z	-160.506321972976	42.7361090381618
ct169-594-21	228989	2022-07-29T06:10:00Z	26		0	11		4,8,10,12,14,16,18,20,22,24,26	8.964,8.964,8.976,8.987,8.987,8.987,8.975,8.940,8.905,8.885,8.869				11	4,8,10,12,14,16,18,20,22,24,26	33.065,33.098,33.048,33.049,33.122,33.097,34.185,34.257,34.240,34.264,34.368									0	0,0,0,0,0,0,0,0,0,0,0	0,0,0,0,0,0,0,0,0,0,0	33.065,33.098,33.048,33.049,33.122,33.097,34.185,34.257,34.240,34.264,34.368	2023-01-30T13:59:27Z	2023-04-19T02:10:31Z	-160.542664825071	42.8153838873214
ct169-594-21	228989	2022-08-01T12:10:00Z	24		0	10		4,8,10,12,14,16,18,20,22,24	9.097,9.097,9.170,9.170,9.170,9.133,9.015,9.014,9.004,8.993				10	4,8,10,12,14,16,18,20,22,24	33.065,33.098,33.048,33.049,33.122,33.097,34.185,34.257,34.240,34.264									0	0,0,0,0,0,0,0,0,0,0	0,0,0,0,0,0,0,0,0,0	33.065,33.098,33.048,33.049,33.122,33.097,34.185,34.257,34.240,34.264	2023-01-30T13:59:27Z	2023-04-19T02:10:31Z	-160.974524637225	42.452279866093
ct169-594-21	228989	2022-09-07T12:20:00Z	330		0	16		4,10,16,20,24,30,40,50,78,96,100,150,200,300,328,330	9.329,9.329,9.242,9.047,8.848,8.796,8.306,8.111,7.583,7.448,7.435,6.777,6.040,5.139,4.996,4.996				16	4,10,16,20,24,30,40,50,78,96,100,150,200,300,328,330	33.065,33.048,34.225,33.049,33.814,33.122,33.373,33.097,33.110,33.049,34.185,34.257,34.240,34.264,33.098,34.368									0	0,0,0,0,0,0,0,0,0,0,0,0,0,0,0,0	0,0,0,0,0,0,0,0,0,0,0,0,0,0,0,0	33.065,33.048,34.225,33.049,33.814,33.122,33.373,33.097,33.110,33.049,34.185,34.257,34.240,34.264,33.098,34.368	2023-01-30T13:59:27Z	2023-04-19T02:10:31Z	-164.978747230652	42.780115956658
ct169-594-21	228989	2022-11-06T13:50:00Z	78		0	16		4,10,20,30,36,38,40,46,48,50,52,60,64,70,75,78	9.004,9.007,8.985,8.981,8.934,8.870,8.867,8.845,8.782,8.762,8.715,8.645,8.597,8.593,8.593,8.575				16	4,10,20,30,36,38,40,46,48,50,52,60,64,70,75,78	33.065,33.048,33.049,33.122,33.110,33.814,33.097,33.098,34.225,34.185,33.373,34.257,33.049,34.240,34.264,34.368									0	0,0,0,0,0,0,0,0,0,0,0,0,0,0,0,0	0,0,0,0,0,0,0,0,0,0,0,0,0,0,0,0	33.065,33.048,33.049,33.122,33.110,33.814,33.097,33.098,34.225,34.185,33.373,34.257,33.049,34.240,34.264,34.368	2023-01-30T13:59:27Z	2023-04-19T02:10:31Z	-155.886402574181	42.683693183157
ct169-594-21	228989	2023-01-06T18:30:00Z	88		0	16		4,10,16,20,24,30,32,40,50,54,60,70,75,80,86,88	9.149,9.090,8.880,8.838,8.801,8.617,8.548,8.473,8.351,8.232,8.129,7.948,7.888,7.849,7.717,7.711				16	4,10,16,20,24,30,32,40,50,54,60,70,75,80,86,88	33.065,33.048,33.098,33.049,33.049,33.122,33.373,33.097,34.185,34.225,34.257,34.240,34.264,33.814,33.110,34.368									0	0,0,0,0,0,0,0,0,0,0,0,0,0,0,0,0	0,0,0,0,0,0,0,0,0,0,0,0,0,0,0,0	33.065,33.048,33.098,33.049,33.049,33.122,33.373,33.097,34.185,34.225,34.257,34.240,34.264,33.814,33.110,34.368	2023-01-30T13:59:27Z	2023-04-19T02:10:31Z	-124.085193002755	38.0087058218551
ct169-594-21	228989	2023-01-07T17:20:00Z	114		0	16		4,10,20,30,40,50,60,70,75,76,86,90,96,100,104,114	9.141,9.073,8.951,8.784,8.758,8.716,8.694,8.637,8.498,8.421,8.403,8.261,8.182,8.131,8.055,8.098				16	4,10,20,30,40,50,60,70,75,76,86,90,96,100,104,114	33.065,33.048,33.049,33.122,33.097,34.185,34.257,33.373,34.240,33.814,33.110,34.225,33.049,34.264,33.098,34.368									0	0,0,0,0,0,0,0,0,0,0,0,0,0,0,0,0	0,0,0,0,0,0,0,0,0,0,0,0,0,0,0,0	33.065,33.048,33.049,33.122,33.097,34.185,34.257,33.373,34.240,33.814,33.110,34.225,33.049,34.264,33.098,34.368	2023-01-30T13:59:27Z	2023-04-19T02:10:31Z	-123.12618872884	37.7837611082392
