REF	PTT	CNT	S_DATE	E_DATE	DIV_DIST	SURF_TM	DIVE_TM	HAUL_TM	N_CYCLES	AV_DEPTH	MAX_DEPTH	CRUISE_TM	AVG_SST	AVG_SPEED	SD_DEPTH	AV_DUR	SD_DUR	MAX_DUR	DP_N_CYCLES	DP_AV_DEPTH	DP_MAX_DEPTH	DP_AVG_SPEED	DP_SD_DEPTH	DP_AV_DUR	DP_SD_DUR	DP_MAX_DUR	DP_DIVE_TM	AV_SURF_DUR	SD_SURF_DUR	MAX_SURF_DUR	DP_AV_SURF_DUR	DP_SD_SURF_DUR	DP_MAX_SURF_DUR
ct169-598-21	228992	7	2022-05-20T18:00:00Z	2022-05-21T00:00:00Z		1.6	0	98.4	0	0	0				0	0	0	0															
ct169-598-21	228992	7	2022-05-21T00:00:00Z	2022-05-21T06:00:00Z		0	0	100	0	0	0				0	0	0	0															
ct169-598-21	228992	7	2022-05-21T06:00:00Z	2022-05-21T12:00:00Z		0	0	100	0	0	0				0	0	0	0															
ct169-598-21	228992	2	2022-05-21T12:00:00Z	2022-05-21T18:00:00Z		0	0	100	0	0	0				0	0	0	0															
ct169-598-21	228992	2	2022-05-21T18:00:00Z	2022-05-22T00:00:00Z		0	0	100	0	0	0				0	0	0	0															
ct169-598-21	228992	2	2022-05-22T00:00:00Z	2022-05-22T06:00:00Z		0	0	100	0	0	0				0	0	0	0															
ct169-598-21	228992	2	2022-05-22T06:00:00Z	2022-05-22T12:00:00Z		0	0	100	0	0	0				0	0	0	0															
ct169-598-21	228992	2	2022-05-22T12:00:00Z	2022-05-22T18:00:00Z		0	0	100	0	0	0				0	0	0	0															
ct169-598-21	228992	2	2022-05-22T18:00:00Z	2022-05-23T00:00:00Z		0	0	100	0	0	0				0	0	0	0															
ct169-598-21	228992	58	2022-05-28T00:00:00Z	2022-05-28T06:00:00Z		100	0	0	0	0	0				0	0	0	0															
ct169-598-21	228992	58	2022-05-28T06:00:00Z	2022-05-28T12:00:00Z		50.8	0	49.2	0	0	0				0	0	0	0															
ct169-598-21	228992	58	2022-05-28T12:00:00Z	2022-05-28T18:00:00Z		20.7	0	79.3	0	0	0				0	0	0	0															
ct169-598-21	228992	32	2022-05-28T18:00:00Z	2022-05-29T00:00:00Z		0	0	100	0	0	0				0	0	0	0															
ct169-598-21	228992	32	2022-05-29T00:00:00Z	2022-05-29T06:00:00Z		39.7	0	60.3	0	0	0				0	0	0	0															
ct169-598-21	228992	32	2022-05-29T06:00:00Z	2022-05-29T12:00:00Z		0	0	100	0	0	0				0	0	0	0															
ct169-598-21	228992	19	2022-05-29T12:00:00Z	2022-05-29T18:00:00Z		0	0	100	0	0	0				0	0	0	0															
ct169-598-21	228992	19	2022-05-29T18:00:00Z	2022-05-30T00:00:00Z		0	0	100	0	0	0				0	0	0	0															
ct169-598-21	228992	19	2022-05-30T00:00:00Z	2022-05-30T06:00:00Z		47.7	0	52.3	0	0	0				0	0	0	0															
ct169-598-21	228992	20	2022-05-30T06:00:00Z	2022-05-30T12:00:00Z		19.1	0	80.9	0	0	0				0	0	0	0															
ct169-598-21	228992	20	2022-05-30T12:00:00Z	2022-05-30T18:00:00Z		17.5	0	82.5	0	0	0				0	0	0	0															
ct169-598-21	228992	20	2022-05-30T18:00:00Z	2022-05-31T00:00:00Z		0	0	100	0	0	0				0	0	0	0															
ct169-598-21	228992	13	2022-05-31T00:00:00Z	2022-05-31T06:00:00Z		47.7	0	52.3	0	0	0				0	0	0	0															
ct169-598-21	228992	13	2022-05-31T06:00:00Z	2022-05-31T12:00:00Z		63.5	0	36.5	0	0	0				0	0	0	0															
ct169-598-21	228992	13	2022-05-31T12:00:00Z	2022-05-31T18:00:00Z		9.6	0	90.4	0	0	0				0	0	0	0															
ct169-598-21	228992	5	2022-05-31T18:00:00Z	2022-06-01T00:00:00Z		0	0	100	0	0	0				0	0	0	0															
ct169-598-21	228992	5	2022-06-01T00:00:00Z	2022-06-01T06:00:00Z		0	0	100	0	0	0				0	0	0	0															
ct169-598-21	228992	5	2022-06-01T06:00:00Z	2022-06-01T12:00:00Z		0	0	100	0	0	0				0	0	0	0															
ct169-598-21	228992	10	2022-06-01T12:00:00Z	2022-06-01T18:00:00Z		57.2	0	42.8	0	0	0				0	0	0	0															
ct169-598-21	228992	10	2022-06-01T18:00:00Z	2022-06-02T00:00:00Z		30.2	0	69.8	0	0	0				0	0	0	0															
ct169-598-21	228992	10	2022-06-02T00:00:00Z	2022-06-02T06:00:00Z		0	0	100	0	0	0				0	0	0	0															
ct169-598-21	228992	12	2022-06-02T06:00:00Z	2022-06-02T12:00:00Z		0	0	100	0	0	0				0	0	0	0															
ct169-598-21	228992	12	2022-06-02T12:00:00Z	2022-06-02T18:00:00Z		14.3	0	85.7	0	0	0				0	0	0	0															
ct169-598-21	228992	12	2022-06-02T18:00:00Z	2022-06-03T00:00:00Z		39.7	0	60.3	0	0	0				0	0	0	0															
ct169-598-21	228992	15	2022-06-03T00:00:00Z	2022-06-03T06:00:00Z		33.4	0	66.6	0	0	0				0	0	0	0															
ct169-598-21	228992	15	2022-06-03T06:00:00Z	2022-06-03T12:00:00Z		0	0	100	0	0	0				0	0	0	0															
ct169-598-21	228992	15	2022-06-03T12:00:00Z	2022-06-03T18:00:00Z		0	0	100	0	0	0				0	0	0	0															
ct169-598-21	228992	4	2022-06-03T18:00:00Z	2022-06-04T00:00:00Z		9.6	0	90.4	0	0	0				0	0	0	0															
ct169-598-21	228992	4	2022-06-04T00:00:00Z	2022-06-04T06:00:00Z		0	0	100	0	0	0				0	0	0	0															
ct169-598-21	228992	4	2022-06-04T06:00:00Z	2022-06-04T12:00:00Z		0	0	100	0	0	0				0	0	0	0															
ct169-598-21	228992	16	2022-06-04T12:00:00Z	2022-06-04T18:00:00Z		52.4	0	47.6	0	0	0				0	0	0	0															
ct169-598-21	228992	16	2022-06-04T18:00:00Z	2022-06-05T00:00:00Z		30.2	0	69.8	0	0	0				0	0	0	0															
ct169-598-21	228992	16	2022-06-05T00:00:00Z	2022-06-05T06:00:00Z		0	0	100	0	0	0				0	0	0	0															
ct169-598-21	228992	13	2022-06-05T06:00:00Z	2022-06-05T12:00:00Z		0	0	100	0	0	0				0	0	0	0															
ct169-598-21	228992	13	2022-06-05T12:00:00Z	2022-06-05T18:00:00Z		85.8	0	14.2	0	0	0				0	0	0	0															
ct169-598-21	228992	13	2022-06-05T18:00:00Z	2022-06-06T00:00:00Z		27	0	73	0	0	0				0	0	0	0															
ct169-598-21	228992	15	2022-06-06T00:00:00Z	2022-06-06T06:00:00Z		0	0	100	0	0	0				0	0	0	0															
ct169-598-21	228992	15	2022-06-06T06:00:00Z	2022-06-06T12:00:00Z		0	0	100	0	0	0				0	0	0	0															
ct169-598-21	228992	15	2022-06-06T12:00:00Z	2022-06-06T18:00:00Z		0	0	100	0	0	0				0	0	0	0															
ct169-598-21	228992	21	2022-06-06T18:00:00Z	2022-06-07T00:00:00Z		3.2	0	96.8	0	0	0				0	0	0	0															
ct169-598-21	228992	21	2022-06-07T00:00:00Z	2022-06-07T06:00:00Z		50.8	0	49.2	0	0	0				0	0	0	0															
ct169-598-21	228992	21	2022-06-07T06:00:00Z	2022-06-07T12:00:00Z		92.1	0	7.9	0	0	0				0	0	0	0															
ct169-598-21	228992	16	2022-06-07T12:00:00Z	2022-06-07T18:00:00Z		0	0	100	0	0	0				0	0	0	0															
ct169-598-21	228992	16	2022-06-07T18:00:00Z	2022-06-08T00:00:00Z		0	0	100	0	0	0				0	0	0	0															
ct169-598-21	228992	16	2022-06-08T00:00:00Z	2022-06-08T06:00:00Z		0	0	100	0	0	0				0	0	0	0															
ct169-598-21	228992	11	2022-06-08T06:00:00Z	2022-06-08T12:00:00Z		0	0	100	0	0	0				0	0	0	0															
ct169-598-21	228992	11	2022-06-08T12:00:00Z	2022-06-08T18:00:00Z		49.3	0	50.7	0	0	0				0	0	0	0															
ct169-598-21	228992	11	2022-06-08T18:00:00Z	2022-06-09T00:00:00Z		39.7	0	60.3	0	0	0				0	0	0	0															
ct169-598-21	228992	25	2022-06-09T00:00:00Z	2022-06-09T06:00:00Z		14.3	0	85.7	0	0	0				0	0	0	0															
ct169-598-21	228992	25	2022-06-09T06:00:00Z	2022-06-09T12:00:00Z		0	0	100	0	0	0				0	0	0	0															
ct169-598-21	228992	25	2022-06-09T12:00:00Z	2022-06-09T18:00:00Z		20.7	0	79.3	0	0	0				0	0	0	0															
ct169-598-21	228992	18	2022-06-09T18:00:00Z	2022-06-10T00:00:00Z		19.1	0	80.9	0	0	0				0	0	0	0															
ct169-598-21	228992	18	2022-06-10T00:00:00Z	2022-06-10T06:00:00Z		0	0	100	0	0	0				0	0	0	0															
ct169-598-21	228992	18	2022-06-10T06:00:00Z	2022-06-10T12:00:00Z		0	0	100	0	0	0				0	0	0	0															
ct169-598-21	228992	5	2022-06-10T12:00:00Z	2022-06-10T18:00:00Z		17.5	0	82.5	0	0	0				0	0	0	0															
ct169-598-21	228992	5	2022-06-10T18:00:00Z	2022-06-11T00:00:00Z		52.4	0	47.6	0	0	0				0	0	0	0															
ct169-598-21	228992	5	2022-06-11T00:00:00Z	2022-06-11T06:00:00Z		0	0	100	0	0	0				0	0	0	0															
ct169-598-21	228992	6	2022-06-11T06:00:00Z	2022-06-11T12:00:00Z		0	0	100	0	0	0				0	0	0	0															
ct169-598-21	228992	6	2022-06-11T12:00:00Z	2022-06-11T18:00:00Z		33.4	0	66.6	0	0	0				0	0	0	0															
ct169-598-21	228992	6	2022-06-11T18:00:00Z	2022-06-12T00:00:00Z		92.1	0	7.9	0	0	0				0	0	0	0															
ct169-598-21	228992	19	2022-06-12T00:00:00Z	2022-06-12T06:00:00Z		35	65	0	26	85	200				35	520	180	1000															
ct169-598-21	228992	19	2022-06-12T06:00:00Z	2022-06-12T12:00:00Z		12.7	87.3	0	22	155	250				40	808	120	1064															
ct169-598-21	228992	19	2022-06-12T12:00:00Z	2022-06-12T18:00:00Z		12.7	87.3	0	20	230	310				40	936	180	1816															
ct169-598-21	228992	24	2022-06-12T18:00:00Z	2022-06-13T00:00:00Z		9.6	90.4	0	18	320	425				50	1128	120	1288															
ct169-598-21	228992	24	2022-06-13T00:00:00Z	2022-06-13T06:00:00Z		9.6	90.4	0	20	280	400				50	968	120	1128															
ct169-598-21	228992	24	2022-06-13T06:00:00Z	2022-06-13T12:00:00Z		9.6	90.4	0	18	270	360				55	1032	120	1288															
ct169-598-21	228992	19	2022-06-13T12:00:00Z	2022-06-13T18:00:00Z		9.6	90.4	0	18	320	425				75	1064	180	1320															
ct169-598-21	228992	19	2022-06-13T18:00:00Z	2022-06-14T00:00:00Z		9.6	90.4	0	18	330	425				40	1096	120	1224															
ct169-598-21	228992	19	2022-06-14T00:00:00Z	2022-06-14T06:00:00Z		9.6	90.4	0	18	290	425				70	1000	120	1256															
ct169-598-21	228992	17	2022-06-14T06:00:00Z	2022-06-14T12:00:00Z		11.2	88.8	0	20	225	340				65	936	120	1256															
ct169-598-21	228992	17	2022-06-14T12:00:00Z	2022-06-14T18:00:00Z		9.6	90.4	0	18	290	400				60	1064	120	1288															
ct169-598-21	228992	17	2022-06-14T18:00:00Z	2022-06-15T00:00:00Z		9.6	90.4	0	16	370	450				55	1192	60	1352															
ct169-598-21	228992	1	2022-06-15T00:00:00Z	2022-06-15T06:00:00Z		9.6	90.4	0	18	360	425				65	1128	180	1256															
ct169-598-21	228992	1	2022-06-15T06:00:00Z	2022-06-15T12:00:00Z		9.6	90.4	0	18	320	425				92.5	1032	120	1320															
ct169-598-21	228992	1	2022-06-15T12:00:00Z	2022-06-15T18:00:00Z		9.6	90.4	0	16	390	525				82.5	1256	60	1384															
ct169-598-21	228992	5	2022-06-15T18:00:00Z	2022-06-16T00:00:00Z		9.6	90.4	0	16	370	525				70	1160	60	1352															
ct169-598-21	228992	5	2022-06-16T00:00:00Z	2022-06-16T06:00:00Z		9.6	90.4	0	18	475	575				82.5	1128	120	1352															
ct169-598-21	228992	5	2022-06-16T06:00:00Z	2022-06-16T12:00:00Z		12.7	87.3	0	20	425	475				20	872	0	968															
ct169-598-21	228992	6	2022-06-16T12:00:00Z	2022-06-16T18:00:00Z		9.6	90.4	0	16	400	550				92.5	1256	60	1416															
ct169-598-21	228992	6	2022-06-16T18:00:00Z	2022-06-17T00:00:00Z		9.6	90.4	0	16	400	600				162.5	1128	240	1352															
ct169-598-21	228992	6	2022-06-17T00:00:00Z	2022-06-17T06:00:00Z		9.6	90.4	0	16	450	600				82.5	1192	300	2200															
ct169-598-21	228992	6	2022-06-17T06:00:00Z	2022-06-17T12:00:00Z		11.2	88.8	0	22	340	425				60	840	60	936															
ct169-598-21	228992	6	2022-06-17T12:00:00Z	2022-06-17T18:00:00Z		9.6	90.4	0	18	330	390				35	1128	120	1384															
ct169-598-21	228992	6	2022-06-17T18:00:00Z	2022-06-18T00:00:00Z		9.6	90.4	0	16	425	575				92.5	1224	60	1320															
ct169-598-21	228992	2	2022-06-18T00:00:00Z	2022-06-18T06:00:00Z		9.6	90.4	0	16	425	600				92.5	1128	120	1288															
ct169-598-21	228992	2	2022-06-18T06:00:00Z	2022-06-18T12:00:00Z		11.2	88.8	0	22	330	390				70	840	0	1032															
ct169-598-21	228992	2	2022-06-18T12:00:00Z	2022-06-18T18:00:00Z		9.6	90.4	0	16	380	575				112.5	1192	60	1448															
ct169-598-21	228992	1	2022-06-18T18:00:00Z	2022-06-19T00:00:00Z		9.6	90.4	0	16	340	550				65	1192	180	1560															
ct169-598-21	228992	1	2022-06-19T00:00:00Z	2022-06-19T06:00:00Z		11.2	88.8	0	18	475	575				75	1064	120	1384															
ct169-598-21	228992	1	2022-06-19T06:00:00Z	2022-06-19T12:00:00Z		12.7	87.3	0	22	370	425				60	808	0	904															
ct169-598-21	228992	10	2022-06-19T12:00:00Z	2022-06-19T18:00:00Z		9.6	90.4	0	16	340	550				102.5	1160	120	1480															
ct169-598-21	228992	10	2022-06-19T18:00:00Z	2022-06-20T00:00:00Z		9.6	90.4	0	16	400	600				112.5	1224	60	1416															
ct169-598-21	228992	10	2022-06-20T00:00:00Z	2022-06-20T06:00:00Z		11.2	88.8	0	18	500	600				75	1096	120	1256															
ct169-598-21	228992	13	2022-06-20T06:00:00Z	2022-06-20T12:00:00Z		14.3	85.7	0	22	350	475				40	808	0	872															
ct169-598-21	228992	13	2022-06-20T12:00:00Z	2022-06-20T18:00:00Z		9.6	90.4	0	18	310	400				50	1064	180	1320															
ct169-598-21	228992	13	2022-06-20T18:00:00Z	2022-06-21T00:00:00Z		9.6	90.4	0	16	450	600				122.5	1224	0	1320															
ct169-598-21	228992	2	2022-06-21T00:00:00Z	2022-06-21T06:00:00Z		11.2	88.8	0	18	450	575				82.5	1032	120	1224															
ct169-598-21	228992	2	2022-06-21T06:00:00Z	2022-06-21T12:00:00Z		14.3	85.7	0	24	390	450				55	808	0	872															
ct169-598-21	228992	2	2022-06-21T12:00:00Z	2022-06-21T18:00:00Z		9.6	90.4	0	16	425	600				112.5	1224	120	1448															
ct169-598-21	228992	1	2022-06-21T18:00:00Z	2022-06-22T00:00:00Z		9.6	90.4	0	16	450	650				112.5	1256	60	1352															
ct169-598-21	228992	1	2022-06-22T00:00:00Z	2022-06-22T06:00:00Z		9.6	90.4	0	16	550	675				92.5	1096	120	1320															
ct169-598-21	228992	1	2022-06-22T06:00:00Z	2022-06-22T12:00:00Z		12.7	87.3	0	22	450	500				55	840	0	936															
ct169-598-21	228992	15	2022-06-22T12:00:00Z	2022-06-22T18:00:00Z		9.6	90.4	0	16	450	625				122.5	1160	120	1448															
ct169-598-21	228992	15	2022-06-22T18:00:00Z	2022-06-23T00:00:00Z		9.6	90.4	0	16	475	675				132.5	1192	120	1352															
ct169-598-21	228992	15	2022-06-23T00:00:00Z	2022-06-23T06:00:00Z		11.2	88.8	0	18	600	675				70	1096	120	1320															
ct169-598-21	228992	7	2022-06-24T00:00:00Z	2022-06-24T06:00:00Z		11.2	88.8	0	16	525	675				102.5	1128	120	1320															
ct169-598-21	228992	7	2022-06-24T06:00:00Z	2022-06-24T12:00:00Z		12.7	87.3	0	22	380	450				75	872	0	1032															
ct169-598-21	228992	7	2022-06-24T12:00:00Z	2022-06-24T18:00:00Z		9.6	90.4	0	16	400	675				142.5	1192	180	1624															
ct169-598-21	228992	8	2022-06-24T18:00:00Z	2022-06-25T00:00:00Z		9.6	90.4	0	14	500	700				152.5	1288	60	1416															
ct169-598-21	228992	8	2022-06-25T00:00:00Z	2022-06-25T06:00:00Z		11.2	88.8	0	18	575	700				112.5	1096	60	1256															
ct169-598-21	228992	8	2022-06-25T06:00:00Z	2022-06-25T12:00:00Z		12.7	87.3	0	22	450	525				55	808	0	872															
ct169-598-21	228992	6	2022-06-25T12:00:00Z	2022-06-25T18:00:00Z		12.7	87.3	0	18	425	650				132.5	1096	180	1512															
ct169-598-21	228992	6	2022-06-25T18:00:00Z	2022-06-26T00:00:00Z		11.2	88.8	0	16	575	675				122.5	1160	60	1384															
ct169-598-21	228992	6	2022-06-26T00:00:00Z	2022-06-26T06:00:00Z		12.7	87.3	0	18	575	700				92.5	1032	60	1224															
ct169-598-21	228992	2	2022-06-26T06:00:00Z	2022-06-26T12:00:00Z		14.3	85.7	0	22	450	525				70	808	0	936															
ct169-598-21	228992	2	2022-06-26T12:00:00Z	2022-06-26T18:00:00Z		11.2	88.8	0	16	450	625				152.5	1128	120	1384															
ct169-598-21	228992	2	2022-06-26T18:00:00Z	2022-06-27T00:00:00Z		11.2	88.8	0	16	575	675				112.5	1224	60	1480															
ct169-598-21	228992	7	2022-06-27T00:00:00Z	2022-06-27T06:00:00Z		11.2	88.8	0	18	550	675				112.5	1064	120	1256															
ct169-598-21	228992	7	2022-06-27T06:00:00Z	2022-06-27T12:00:00Z		12.7	87.3	0	22	350	500				102.5	840	120	968															
ct169-598-21	228992	7	2022-06-27T12:00:00Z	2022-06-27T18:00:00Z		11.2	88.8	0	18	500	625				162.5	1064	60	1224															
ct169-598-21	228992	2	2022-06-27T18:00:00Z	2022-06-28T00:00:00Z		11.2	88.8	0	16	500	650				172.5	1096	180	1320															
ct169-598-21	228992	2	2022-06-28T00:00:00Z	2022-06-28T06:00:00Z		12.7	87.3	0	18	525	625				102.5	1064	60	1288															
ct169-598-21	228992	2	2022-06-28T06:00:00Z	2022-06-28T12:00:00Z		15.9	84.1	0	22	425	475				55	808	0	872															
ct169-598-21	228992	2	2022-06-28T12:00:00Z	2022-06-28T18:00:00Z		11.2	71.4	17.4	14	425	650				122.5	1000	180	1416															
ct169-598-21	228992	2	2022-06-28T18:00:00Z	2022-06-29T00:00:00Z		11.2	88.8	0	16	500	675				162.5	1224	60	1448															
ct169-598-21	228992	2	2022-06-29T00:00:00Z	2022-06-29T06:00:00Z		12.7	87.3	0	18	525	650				112.5	1032	60	1256															
ct169-598-21	228992	6	2022-06-29T06:00:00Z	2022-06-29T12:00:00Z		14.3	85.7	0	22	425	500				112.5	840	60	968															
ct169-598-21	228992	6	2022-06-29T12:00:00Z	2022-06-29T18:00:00Z		12.7	87.3	0	18	425	675				182.5	1000	120	1224															
ct169-598-21	228992	6	2022-06-29T18:00:00Z	2022-06-30T00:00:00Z		8.1	53.9	38	10	450	650				172.5	1160	120	1320															
ct169-598-21	228992	5	2022-06-30T00:00:00Z	2022-06-30T06:00:00Z		15.9	84.1	0	18	600	650				50	1032	0	1128															
ct169-598-21	228992	5	2022-06-30T06:00:00Z	2022-06-30T12:00:00Z		15.9	84.1	0	22	450	500				30	840	0	872															
ct169-598-21	228992	5	2022-06-30T12:00:00Z	2022-06-30T18:00:00Z		14.4	80.9	4.7	18	425	675				112.5	968	180	1288															
ct169-598-21	228992	6	2022-06-30T18:00:00Z	2022-07-01T00:00:00Z		12.7	87.3	0	16	500	700				172.5	1224	60	1416															
ct169-598-21	228992	6	2022-07-01T00:00:00Z	2022-07-01T06:00:00Z		12.7	87.3	0	16	525	675				122.5	1128	120	1480															
ct169-598-21	228992	6	2022-07-01T06:00:00Z	2022-07-01T12:00:00Z		12.7	87.3	0	22	320	475				60	808	0	936															
ct169-598-21	228992	10	2022-07-01T12:00:00Z	2022-07-01T18:00:00Z		11.2	88.8	0	20	370	550				82.5	968	180	1448															
ct169-598-21	228992	10	2022-07-01T18:00:00Z	2022-07-02T00:00:00Z		11.2	88.8	0	16	600	700				132.5	1160	60	1384															
ct169-598-21	228992	10	2022-07-02T00:00:00Z	2022-07-02T06:00:00Z		12.7	87.3	0	18	575	675				102.5	1096	60	1320															
ct169-598-21	228992	11	2022-07-02T06:00:00Z	2022-07-02T12:00:00Z		12.7	87.3	0	22	425	550				82.5	840	0	904															
ct169-598-21	228992	11	2022-07-02T12:00:00Z	2022-07-02T18:00:00Z		11.2	88.8	0	18	475	650				132.5	1032	120	1288															
ct169-598-21	228992	11	2022-07-02T18:00:00Z	2022-07-03T00:00:00Z		9.6	90.4	0	16	525	700				162.5	1256	60	1416															
ct169-598-21	228992	8	2022-07-03T00:00:00Z	2022-07-03T06:00:00Z		11.2	88.8	0	18	575	675				102.5	1064	60	1192															
ct169-598-21	228992	8	2022-07-03T06:00:00Z	2022-07-03T12:00:00Z		12.7	87.3	0	22	425	550				65	840	0	936															
ct169-598-21	228992	8	2022-07-03T12:00:00Z	2022-07-03T18:00:00Z		11.2	88.8	0	18	400	675				152.5	1000	180	1288															
ct169-598-21	228992	9	2022-07-03T18:00:00Z	2022-07-04T00:00:00Z		11.2	88.8	0	16	500	700				152.5	1160	60	1384															
ct169-598-21	228992	9	2022-07-04T00:00:00Z	2022-07-04T06:00:00Z		11.2	88.8	0	18	500	650				102.5	1064	60	1416															
ct169-598-21	228992	9	2022-07-04T06:00:00Z	2022-07-04T12:00:00Z		12.7	87.3	0	24	350	425				60	808	60	1064															
ct169-598-21	228992	1	2022-07-04T12:00:00Z	2022-07-04T18:00:00Z		11.2	88.8	0	20	370	625				102.5	936	180	1480															
ct169-598-21	228992	1	2022-07-04T18:00:00Z	2022-07-05T00:00:00Z		11.2	88.8	0	16	525	650				122.5	1128	60	1256															
ct169-598-21	228992	1	2022-07-05T00:00:00Z	2022-07-05T06:00:00Z		11.2	88.8	0	18	525	650				102.5	1096	60	1256															
ct169-598-21	228992	2	2022-07-05T06:00:00Z	2022-07-05T12:00:00Z		12.7	87.3	0	24	300	450				82.5	776	60	872															
ct169-598-21	228992	2	2022-07-05T12:00:00Z	2022-07-05T18:00:00Z		11.2	88.8	0	20	310	475				60	936	180	1448															
ct169-598-21	228992	2	2022-07-05T18:00:00Z	2022-07-06T00:00:00Z		9.6	90.4	0	16	550	650				132.5	1224	0	1288															
ct169-598-21	228992	13	2022-07-06T00:00:00Z	2022-07-06T06:00:00Z		11.2	88.8	0	18	525	625				92.5	1096	60	1384															
ct169-598-21	228992	13	2022-07-06T06:00:00Z	2022-07-06T12:00:00Z		11.2	88.8	0	22	310	425				50	840	60	1032															
ct169-598-21	228992	13	2022-07-06T12:00:00Z	2022-07-06T18:00:00Z		11.2	88.8	0	20	310	600				82.5	936	180	1352															
ct169-598-21	228992	12	2022-07-06T18:00:00Z	2022-07-07T00:00:00Z		9.6	90.4	0	16	525	675				142.5	1256	60	1416															
ct169-598-21	228992	12	2022-07-07T00:00:00Z	2022-07-07T06:00:00Z		20.7	79.3	0	30	1050	2150				857.5	584	420	1224															
ct169-598-21	228992	12	2022-07-07T06:00:00Z	2022-07-07T12:00:00Z		98.5	1.5	0	2	2150	2150				0	304	120	448															
ct169-598-21	228992	5	2022-07-07T12:00:00Z	2022-07-07T18:00:00Z		49.3	0	50.7	0	0	0				0	0	0	0															
ct169-598-21	228992	5	2022-07-07T18:00:00Z	2022-07-08T00:00:00Z		68.3	9.5	22.2	4	1650	2150				817.5	416	240	744															
ct169-598-21	228992	5	2022-07-08T00:00:00Z	2022-07-08T06:00:00Z		33.4	66.6	0	37	1300	2150				897.5	400	240	776															
ct169-598-21	228992	10	2022-07-08T06:00:00Z	2022-07-08T12:00:00Z		63.5	36.5	0	65	900	2150				1057.5	112	60	448															
ct169-598-21	228992	10	2022-07-08T12:00:00Z	2022-07-08T18:00:00Z		36.6	63.4	0	49	1000	2150				1017.5	272	240	936															
ct169-598-21	228992	10	2022-07-08T18:00:00Z	2022-07-09T00:00:00Z		27	73	0	33	1325	2150				857.5	464	360	936															
ct169-598-21	228992	4	2022-07-09T00:00:00Z	2022-07-09T06:00:00Z		22.3	77.7	0	33	1300	2150				857.5	480	360	1000															
ct169-598-21	228992	4	2022-07-09T06:00:00Z	2022-07-09T12:00:00Z		23.9	76.1	0	41	1050	2150				937.5	432	300	936															
ct169-598-21	228992	4	2022-07-09T12:00:00Z	2022-07-09T18:00:00Z		17.5	82.5	0	28	825	2150				817.5	616	360	1096															
ct169-598-21	228992	15	2022-07-10T12:00:00Z	2022-07-10T18:00:00Z		14.3	85.7	0	20	330	500				92.5	872	120	1160															
ct169-598-21	228992	15	2022-07-10T18:00:00Z	2022-07-11T00:00:00Z		12.7	87.3	0	18	725	2150				527.5	1064	360	1416															
ct169-598-21	228992	15	2022-07-11T00:00:00Z	2022-07-11T06:00:00Z		15.9	84.1	0	18	700	2150				507.5	1000	300	1416															
ct169-598-21	228992	3	2022-07-11T06:00:00Z	2022-07-11T12:00:00Z		17.5	82.5	0	37	1050	2150				937.5	448	360	872															
ct169-598-21	228992	3	2022-07-11T12:00:00Z	2022-07-11T18:00:00Z		15.9	84.1	0	26	650	2150				737.5	680	300	1096															
ct169-598-21	228992	3	2022-07-11T18:00:00Z	2022-07-12T00:00:00Z		14.3	85.7	0	22	1025	2150				737.5	840	540	1384															
ct169-598-21	228992	10	2022-07-12T00:00:00Z	2022-07-12T06:00:00Z		14.3	85.7	0	26	1100	2150				777.5	712	480	1224															
ct169-598-21	228992	10	2022-07-12T06:00:00Z	2022-07-12T12:00:00Z		17.5	82.5	0	26	350	2150				367.5	680	120	872															
ct169-598-21	228992	10	2022-07-12T12:00:00Z	2022-07-12T18:00:00Z		17.6	69.8	12.6	20	300	450				65	776	120	1064															
ct169-598-21	228992	14	2022-07-12T18:00:00Z	2022-07-13T00:00:00Z		14.3	85.7	0	14	500	675				132.5	1224	120	1480															
ct169-598-21	228992	14	2022-07-13T00:00:00Z	2022-07-13T06:00:00Z		14.3	85.7	0	16	550	650				82.5	1192	180	1816															
ct169-598-21	228992	14	2022-07-13T06:00:00Z	2022-07-13T12:00:00Z		15.9	84.1	0	22	300	475				55	808	0	936															
ct169-598-21	228992	10	2022-07-13T12:00:00Z	2022-07-13T18:00:00Z		15.9	84.1	0	20	310	500				65	872	120	1256															
ct169-598-21	228992	10	2022-07-13T18:00:00Z	2022-07-14T00:00:00Z		12.7	87.3	0	16	550	650				132.5	1160	60	1384															
ct169-598-21	228992	10	2022-07-14T00:00:00Z	2022-07-14T06:00:00Z		12.7	87.3	0	16	575	650				92.5	1128	0	1256															
ct169-598-21	228992	7	2022-07-14T06:00:00Z	2022-07-14T12:00:00Z		14.3	85.7	0	22	320	500				55	808	0	968															
ct169-598-21	228992	7	2022-07-14T12:00:00Z	2022-07-14T18:00:00Z		14.3	85.7	0	20	450	625				112.5	840	60	1032															
ct169-598-21	228992	7	2022-07-14T18:00:00Z	2022-07-15T00:00:00Z		11.2	88.8	0	16	500	650				142.5	1192	60	1480															
ct169-598-21	228992	26	2022-07-15T00:00:00Z	2022-07-15T06:00:00Z		11.2	88.8	0	16	550	625				82.5	1096	60	1256															
ct169-598-21	228992	26	2022-07-15T06:00:00Z	2022-07-15T12:00:00Z		14.3	85.7	0	24	425	475				60	808	0	904															
ct169-598-21	228992	26	2022-07-15T12:00:00Z	2022-07-15T18:00:00Z		12.7	87.3	0	20	400	600				102.5	872	120	1288															
ct169-598-21	228992	15	2022-07-15T18:00:00Z	2022-07-16T00:00:00Z		12.7	87.3	0	16	550	650				122.5	1128	60	1416															
ct169-598-21	228992	15	2022-07-16T00:00:00Z	2022-07-16T06:00:00Z		14.3	85.7	0	18	600	625				15	968	0	1096															
ct169-598-21	228992	15	2022-07-16T06:00:00Z	2022-07-16T12:00:00Z		17.5	82.5	0	24	475	2150				507.5	744	180	936															
ct169-598-21	228992	22	2022-07-16T12:00:00Z	2022-07-16T18:00:00Z		11.2	42.8	46	24	1200	2150				937.5	400	360	968															
ct169-598-21	228992	22	2022-07-16T18:00:00Z	2022-07-17T00:00:00Z		14.3	85.7	0	14	475	625				142.5	1224	120	1480															
ct169-598-21	228992	22	2022-07-17T00:00:00Z	2022-07-17T06:00:00Z		14.3	85.7	0	16	600	750				70	1192	60	1448															
ct169-598-21	228992	15	2022-07-17T06:00:00Z	2022-07-17T12:00:00Z		15.9	84.1	0	20	450	500				50	904	60	1192															
ct169-598-21	228992	15	2022-07-17T12:00:00Z	2022-07-17T18:00:00Z		14.3	85.7	0	18	400	600				142.5	936	120	1352															
ct169-598-21	228992	15	2022-07-17T18:00:00Z	2022-07-18T00:00:00Z		12.7	87.3	0	16	600	675				92.5	1192	60	1448															
ct169-598-21	228992	9	2022-07-18T00:00:00Z	2022-07-18T06:00:00Z		12.7	87.3	0	16	600	675				92.5	1096	60	1224															
ct169-598-21	228992	9	2022-07-18T06:00:00Z	2022-07-18T12:00:00Z		12.7	87.3	0	20	425	500				55	936	120	1352															
ct169-598-21	228992	9	2022-07-18T12:00:00Z	2022-07-18T18:00:00Z		12.7	87.3	0	18	450	575				82.5	968	120	1512															
ct169-598-21	228992	9	2022-07-18T18:00:00Z	2022-07-19T00:00:00Z		12.7	87.3	0	14	525	675				162.5	1256	180	1752															
ct169-598-21	228992	9	2022-07-19T00:00:00Z	2022-07-19T06:00:00Z		14.3	85.7	0	16	600	675				102.5	1192	120	1752															
ct169-598-21	228992	9	2022-07-19T06:00:00Z	2022-07-19T12:00:00Z		17.5	82.5	0	18	380	525				70	904	120	1256															
ct169-598-21	228992	3	2022-07-19T12:00:00Z	2022-07-19T18:00:00Z		14.4	71.4	14.2	16	400	525				70	1000	120	1416															
ct169-598-21	228992	3	2022-07-19T18:00:00Z	2022-07-20T00:00:00Z		23.9	34.9	41.2	8	475	700				212.5	776	360	1352															
ct169-598-21	228992	3	2022-07-20T00:00:00Z	2022-07-20T06:00:00Z		12.7	87.3	0	14	625	675				65	1256	120	1512															
ct169-598-21	228992	6	2022-07-20T06:00:00Z	2022-07-20T12:00:00Z		15.9	84.1	0	20	390	575				70	904	60	1128															
ct169-598-21	228992	6	2022-07-20T12:00:00Z	2022-07-20T18:00:00Z		15.9	84.1	0	18	500	600				75	936	60	1128															
ct169-598-21	228992	6	2022-07-20T18:00:00Z	2022-07-21T00:00:00Z		12.7	87.3	0	16	500	675				152.5	1192	120	1624															
ct169-598-21	228992	1	2022-07-21T00:00:00Z	2022-07-21T06:00:00Z		12.7	87.3	0	16	525	650				112.5	1128	60	1384															
ct169-598-21	228992	1	2022-07-21T06:00:00Z	2022-07-21T12:00:00Z		12.7	87.3	0	20	350	450				65	872	0	1032															
ct169-598-21	228992	1	2022-07-21T12:00:00Z	2022-07-21T18:00:00Z		12.7	87.3	0	20	360	525				65	936	120	1192															
ct169-598-21	228992	10	2022-07-21T18:00:00Z	2022-07-22T00:00:00Z		11.2	88.8	0	14	600	700				122.5	1224	60	1480															
ct169-598-21	228992	10	2022-07-22T00:00:00Z	2022-07-22T06:00:00Z		11.2	88.8	0	16	600	675				82.5	1224	120	1624															
ct169-598-21	228992	10	2022-07-22T06:00:00Z	2022-07-22T12:00:00Z		14.3	85.7	0	20	370	550				65	904	60	1128															
ct169-598-21	228992	1	2022-07-22T12:00:00Z	2022-07-22T18:00:00Z		14.3	85.7	0	20	390	675				92.5	936	240	1512															
ct169-598-21	228992	1	2022-07-22T18:00:00Z	2022-07-23T00:00:00Z		12.7	87.3	0	16	575	875				247.5	1192	300	1624															
ct169-598-21	228992	1	2022-07-23T00:00:00Z	2022-07-23T06:00:00Z		14.3	85.7	0	16	575	850				142.5	1128	120	1416															
ct169-598-21	228992	8	2022-07-23T06:00:00Z	2022-07-23T12:00:00Z		15.9	84.1	0	22	380	550				65	808	60	1000															
ct169-598-21	228992	8	2022-07-23T12:00:00Z	2022-07-23T18:00:00Z		14.3	85.7	0	18	350	875				162.5	936	180	1416															
ct169-598-21	228992	8	2022-07-23T18:00:00Z	2022-07-24T00:00:00Z		11.2	88.8	0	16	575	825				212.5	1192	60	1384															
ct169-598-21	228992	10	2022-07-24T00:00:00Z	2022-07-24T06:00:00Z		15.9	84.1	0	18	450	925				267.5	968	360	1320															
ct169-598-21	228992	10	2022-07-24T06:00:00Z	2022-07-24T12:00:00Z		14.3	85.7	0	22	390	825				152.5	808	120	1256															
ct169-598-21	228992	10	2022-07-24T12:00:00Z	2022-07-24T18:00:00Z		14.3	85.7	0	20	330	525				92.5	904	180	1288															
ct169-598-21	228992	8	2022-07-24T18:00:00Z	2022-07-25T00:00:00Z		11.2	88.8	0	14	625	875				212.5	1288	60	1560															
ct169-598-21	228992	8	2022-07-25T00:00:00Z	2022-07-25T06:00:00Z		12.7	87.3	0	16	550	825				222.5	1128	60	1288															
ct169-598-21	228992	8	2022-07-25T06:00:00Z	2022-07-25T12:00:00Z		14.3	85.7	0	22	400	800				102.5	840	120	1384															
ct169-598-21	228992	9	2022-07-25T12:00:00Z	2022-07-25T18:00:00Z		15.9	84.1	0	24	270	475				112.5	744	240	1128															
ct169-598-21	228992	9	2022-07-25T18:00:00Z	2022-07-26T00:00:00Z		9.6	90.4	0	14	550	825				122.5	1352	180	1816															
ct169-598-21	228992	9	2022-07-26T00:00:00Z	2022-07-26T06:00:00Z		11.2	88.8	0	16	600	900				92.5	1160	60	1416															
ct169-598-21	228992	3	2022-07-26T06:00:00Z	2022-07-26T12:00:00Z		14.3	85.7	0	20	400	925				122.5	904	60	1224															
ct169-598-21	228992	3	2022-07-26T12:00:00Z	2022-07-26T18:00:00Z		12.7	87.3	0	18	425	600				82.5	968	240	1880															
ct169-598-21	228992	3	2022-07-26T18:00:00Z	2022-07-27T00:00:00Z		11.2	88.8	0	16	525	650				122.5	1224	180	1688															
ct169-598-21	228992	13	2022-07-27T00:00:00Z	2022-07-27T06:00:00Z		14.3	85.7	0	18	600	625				20	1000	0	1064															
ct169-598-21	228992	13	2022-07-27T06:00:00Z	2022-07-27T12:00:00Z		14.3	85.7	0	22	400	550				102.5	840	60	1160															
ct169-598-21	228992	13	2022-07-27T12:00:00Z	2022-07-27T18:00:00Z		12.7	87.3	0	18	400	625				132.5	968	240	1560															
ct169-598-21	228992	10	2022-07-27T18:00:00Z	2022-07-28T00:00:00Z		11.2	88.8	0	16	550	625				102.5	1192	60	1448															
ct169-598-21	228992	10	2022-07-28T00:00:00Z	2022-07-28T06:00:00Z		12.7	87.3	0	16	575	625				70	1160	60	1320															
ct169-598-21	228992	10	2022-07-28T06:00:00Z	2022-07-28T12:00:00Z		14.3	85.7	0	20	425	800				102.5	904	60	1096															
ct169-598-21	228992	6	2022-07-28T12:00:00Z	2022-07-28T18:00:00Z		12.7	87.3	0	18	425	600				92.5	1064	240	1624															
ct169-598-21	228992	6	2022-07-28T18:00:00Z	2022-07-29T00:00:00Z		11.2	88.8	0	14	675	975				182.5	1288	120	1624															
ct169-598-21	228992	6	2022-07-29T00:00:00Z	2022-07-29T06:00:00Z		11.2	88.8	0	16	550	900				122.5	1224	60	1560															
ct169-598-21	228992	6	2022-07-29T06:00:00Z	2022-07-29T12:00:00Z		12.7	87.3	0	20	400	550				70	904	60	1096															
ct169-598-21	228992	6	2022-07-29T12:00:00Z	2022-07-29T18:00:00Z		11.2	88.8	0	20	310	600				92.5	1000	180	1560															
ct169-598-21	228992	6	2022-07-29T18:00:00Z	2022-07-30T00:00:00Z		9.6	90.4	0	14	600	925				232.5	1384	60	1624															
ct169-598-21	228992	10	2022-07-30T00:00:00Z	2022-07-30T06:00:00Z		11.2	88.8	0	12	625	1050				222.5	1512	180	2008															
ct169-598-21	228992	10	2022-07-30T06:00:00Z	2022-07-30T12:00:00Z		14.3	85.7	0	18	425	550				55	1096	180	1688															
ct169-598-21	228992	10	2022-07-30T12:00:00Z	2022-07-30T18:00:00Z		6.4	36.5	57.1	8	380	425				40	936	0	1000															
ct169-598-21	228992	6	2022-07-31T12:00:00Z	2022-07-31T18:00:00Z		11.2	88.8	0	18	380	600				65	1000	180	1624															
ct169-598-21	228992	6	2022-07-31T18:00:00Z	2022-08-01T00:00:00Z		11.2	88.8	0	14	650	675				10	1256	0	1320															
ct169-598-21	228992	6	2022-08-01T00:00:00Z	2022-08-01T06:00:00Z		11.2	88.8	0	14	575	675				112.5	1288	60	1560															
ct169-598-21	228992	5	2022-08-01T06:00:00Z	2022-08-01T12:00:00Z		15.9	84.1	0	18	425	500				60	1064	180	1752															
ct169-598-21	228992	5	2022-08-01T12:00:00Z	2022-08-01T18:00:00Z		15.9	84.1	0	18	475	600				55	1000	60	1224															
ct169-598-21	228992	5	2022-08-01T18:00:00Z	2022-08-02T00:00:00Z		12.7	87.3	0	14	575	700				142.5	1384	180	1816															
ct169-598-21	228992	6	2022-08-02T00:00:00Z	2022-08-02T06:00:00Z		11.2	88.8	0	14	600	800				142.5	1288	120	1560															
ct169-598-21	228992	6	2022-08-02T06:00:00Z	2022-08-02T12:00:00Z		14.3	85.7	0	18	475	600				82.5	1064	120	1416															
ct169-598-21	228992	6	2022-08-02T12:00:00Z	2022-08-02T18:00:00Z		11.2	42.8	46	8	390	500				112.5	1096	120	1352															
ct169-598-21	228992	6	2022-08-02T18:00:00Z	2022-08-03T00:00:00Z		28.6	71.4	0	14	575	700				192.5	1064	420	1752															
ct169-598-21	228992	6	2022-08-03T00:00:00Z	2022-08-03T06:00:00Z		14.3	85.7	0	16	625	675				35	1128	0	1288															
ct169-598-21	228992	6	2022-08-03T06:00:00Z	2022-08-03T12:00:00Z		14.3	85.7	0	18	475	600				132.5	968	180	1064															
ct169-598-21	228992	3	2022-08-03T12:00:00Z	2022-08-03T18:00:00Z		15.9	84.1	0	18	450	550				70	968	120	1288															
ct169-598-21	228992	3	2022-08-03T18:00:00Z	2022-08-04T00:00:00Z		11.2	88.8	0	14	550	675				142.5	1416	120	1816															
ct169-598-21	228992	3	2022-08-04T00:00:00Z	2022-08-04T06:00:00Z		15.9	84.1	0	14	625	750				65	1256	240	1624															
ct169-598-21	228992	3	2022-08-04T06:00:00Z	2022-08-04T12:00:00Z		12.7	87.3	0	18	475	600				50	968	0	1064															
ct169-598-21	228992	3	2022-08-04T12:00:00Z	2022-08-04T18:00:00Z		12.7	87.3	0	18	550	650				45	1032	120	1288															
ct169-598-21	228992	3	2022-08-04T18:00:00Z	2022-08-05T00:00:00Z		17.5	82.5	0	12	525	750				162.5	1352	360	1880															
ct169-598-21	228992	5	2022-08-05T00:00:00Z	2022-08-05T06:00:00Z		11.2	88.8	0	14	575	625				70	1256	120	1624															
ct169-598-21	228992	5	2022-08-05T06:00:00Z	2022-08-05T12:00:00Z		12.7	87.3	0	18	450	600				122.5	968	120	1128															
ct169-598-21	228992	5	2022-08-05T12:00:00Z	2022-08-05T18:00:00Z		11.2	88.8	0	16	390	625				112.5	1160	240	1816															
ct169-598-21	228992	12	2022-08-05T18:00:00Z	2022-08-06T00:00:00Z		11.2	88.8	0	14	650	675				10	1256	0	1352															
ct169-598-21	228992	12	2022-08-06T00:00:00Z	2022-08-06T06:00:00Z		9.6	90.4	0	12	575	650				70	1480	360	2648															
ct169-598-21	228992	12	2022-08-06T06:00:00Z	2022-08-06T12:00:00Z		11.2	74.6	14.2	16	450	625				152.5	1032	240	1256															
ct169-598-21	228992	14	2022-08-06T12:00:00Z	2022-08-06T18:00:00Z		9.6	90.4	0	14	450	625				142.5	1224	0	1320															
ct169-598-21	228992	14	2022-08-06T18:00:00Z	2022-08-07T00:00:00Z		33.4	66.6	0	18	550	675				232.5	808	420	1352															
ct169-598-21	228992	14	2022-08-07T00:00:00Z	2022-08-07T06:00:00Z		11.2	88.8	0	16	525	650				112.5	1256	60	1512															
ct169-598-21	228992	5	2022-08-07T06:00:00Z	2022-08-07T12:00:00Z		11.2	88.8	0	18	500	600				55	1032	0	1160															
ct169-598-21	228992	5	2022-08-07T12:00:00Z	2022-08-07T18:00:00Z		15.9	84.1	0	18	500	750				82.5	1032	120	1320															
ct169-598-21	228992	5	2022-08-07T18:00:00Z	2022-08-08T00:00:00Z		19.1	80.9	0	14	600	750				102.5	1192	300	1448															
ct169-598-21	228992	7	2022-08-08T00:00:00Z	2022-08-08T06:00:00Z		14.3	85.7	0	14	600	750				60	1256	180	1560															
ct169-598-21	228992	7	2022-08-08T06:00:00Z	2022-08-08T12:00:00Z		11.2	88.8	0	18	450	500				30	1064	0	1160															
ct169-598-21	228992	7	2022-08-08T12:00:00Z	2022-08-08T18:00:00Z		12.7	87.3	0	18	500	600				60	1064	60	1256															
ct169-598-21	228992	9	2022-08-08T18:00:00Z	2022-08-09T00:00:00Z		11.2	88.8	0	14	600	650				70	1256	0	1320															
ct169-598-21	228992	9	2022-08-09T00:00:00Z	2022-08-09T06:00:00Z		17.5	82.5	0	14	550	750				152.5	1192	420	1880															
ct169-598-21	228992	9	2022-08-09T06:00:00Z	2022-08-09T12:00:00Z		11.2	88.8	0	18	450	500				15	1032	60	1256															
ct169-598-21	228992	1	2022-08-10T06:00:00Z	2022-08-10T12:00:00Z		12.7	87.3	0	18	475	600				35	1032	0	1096															
ct169-598-21	228992	1	2022-08-10T12:00:00Z	2022-08-10T18:00:00Z		12.7	87.3	0	18	425	575				75	1032	120	1560															
ct169-598-21	228992	1	2022-08-10T18:00:00Z	2022-08-11T00:00:00Z		11.2	88.8	0	14	625	675				20	1288	60	1480															
ct169-598-21	228992	2	2022-08-11T00:00:00Z	2022-08-11T06:00:00Z		12.7	87.3	0	16	600	675				142.5	1160	240	1384															
ct169-598-21	228992	2	2022-08-11T06:00:00Z	2022-08-11T12:00:00Z		12.7	87.3	0	18	425	600				65	1000	60	1320															
ct169-598-21	228992	2	2022-08-11T12:00:00Z	2022-08-11T18:00:00Z		12.8	84.1	3.1	16	370	550				162.5	1032	480	2008															
ct169-598-21	228992	14	2022-08-11T18:00:00Z	2022-08-12T00:00:00Z		39.7	60.3	0	16	575	750				202.5	872	540	2008															
ct169-598-21	228992	14	2022-08-12T00:00:00Z	2022-08-12T06:00:00Z		30.2	69.8	0	16	500	775				247.5	904	480	1384															
ct169-598-21	228992	14	2022-08-12T06:00:00Z	2022-08-12T12:00:00Z		12.7	87.3	0	20	450	525				30	936	60	1128															
ct169-598-21	228992	1	2022-08-12T12:00:00Z	2022-08-12T18:00:00Z		9.6	90.4	0	16	380	450				55	1096	180	1752															
ct169-598-21	228992	1	2022-08-12T18:00:00Z	2022-08-13T00:00:00Z		31.8	68.2	0	14	500	825				267.5	1096	600	1944															
ct169-598-21	228992	1	2022-08-13T00:00:00Z	2022-08-13T06:00:00Z		35	65	0	14	575	825				267.5	936	600	2584															
ct169-598-21	228992	8	2022-08-13T06:00:00Z	2022-08-13T12:00:00Z		12.7	87.3	0	18	450	500				15	1000	60	1224															
ct169-598-21	228992	8	2022-08-13T12:00:00Z	2022-08-13T18:00:00Z		11.2	88.8	0	18	390	450				45	1064	180	1688															
ct169-598-21	228992	8	2022-08-13T18:00:00Z	2022-08-14T00:00:00Z		30.2	69.8	0	18	525	850				327.5	808	540	1688															
ct169-598-21	228992	15	2022-08-14T00:00:00Z	2022-08-14T06:00:00Z		39.7	60.3	0	14	725	850				172.5	936	420	1752															
ct169-598-21	228992	15	2022-08-14T06:00:00Z	2022-08-14T12:00:00Z		11.2	88.8	0	18	400	450				55	1000	60	1224															
ct169-598-21	228992	15	2022-08-14T12:00:00Z	2022-08-14T18:00:00Z		19.1	80.9	0	16	425	850				152.5	1064	240	1688															
ct169-598-21	228992	4	2022-08-14T18:00:00Z	2022-08-15T00:00:00Z		12.7	87.3	0	12	475	850				212.5	1384	480	1944															
ct169-598-21	228992	4	2022-08-15T00:00:00Z	2022-08-15T06:00:00Z		23.9	76.1	0	14	600	875				192.5	1256	420	1752															
ct169-598-21	228992	4	2022-08-15T06:00:00Z	2022-08-15T12:00:00Z		11.2	88.8	0	18	450	575				40	1032	60	1256															
ct169-598-21	228992	6	2022-08-15T12:00:00Z	2022-08-15T18:00:00Z		8	92	0	16	380	800				142.5	1192	360	2200															
ct169-598-21	228992	6	2022-08-15T18:00:00Z	2022-08-16T00:00:00Z		12.7	87.3	0	14	625	900				222.5	1448	240	1816															
ct169-598-21	228992	6	2022-08-16T00:00:00Z	2022-08-16T06:00:00Z		12.7	87.3	0	14	700	900				202.5	1352	240	1624															
ct169-598-21	228992	5	2022-08-16T06:00:00Z	2022-08-16T12:00:00Z		12.7	87.3	0	16	450	800				152.5	1064	240	1416															
ct169-598-21	228992	5	2022-08-16T12:00:00Z	2022-08-16T18:00:00Z		9.6	90.4	0	16	360	450				65	1224	240	2008															
ct169-598-21	228992	5	2022-08-16T18:00:00Z	2022-08-17T00:00:00Z		11.2	88.8	0	14	625	950				267.5	1320	60	1560															
ct169-598-21	228992	12	2022-08-17T18:00:00Z	2022-08-18T00:00:00Z		11.2	88.8	0	14	700	900				142.5	1288	0	1352															
ct169-598-21	228992	12	2022-08-18T00:00:00Z	2022-08-18T06:00:00Z		17.5	82.5	0	16	525	950				222.5	1160	360	1448															
ct169-598-21	228992	12	2022-08-18T06:00:00Z	2022-08-18T12:00:00Z		11.2	88.8	0	18	425	825				112.5	1000	60	1192															
ct169-598-21	228992	22	2022-08-19T06:00:00Z	2022-08-19T12:00:00Z		11.2	88.8	0	18	390	575				82.5	1032	120	1192															
ct169-598-21	228992	22	2022-08-19T12:00:00Z	2022-08-19T18:00:00Z		11.2	88.8	0	16	450	625				60	1192	180	1816															
ct169-598-21	228992	22	2022-08-19T18:00:00Z	2022-08-20T00:00:00Z		11.2	88.8	0	14	625	650				10	1416	60	1560															
ct169-598-21	228992	1	2022-08-20T00:00:00Z	2022-08-20T06:00:00Z		11.2	88.8	0	14	625	950				92.5	1320	60	1624															
ct169-598-21	228992	1	2022-08-20T06:00:00Z	2022-08-20T12:00:00Z		12.7	87.3	0	18	400	475				45	1128	60	1352															
ct169-598-21	228992	1	2022-08-20T12:00:00Z	2022-08-20T18:00:00Z		9.6	90.4	0	14	400	575				50	1224	240	1880															
ct169-598-21	228992	3	2022-08-20T18:00:00Z	2022-08-21T00:00:00Z		9.6	90.4	0	14	675	925				102.5	1480	60	1688															
ct169-598-21	228992	3	2022-08-21T00:00:00Z	2022-08-21T06:00:00Z		11.2	88.8	0	14	575	625				50	1288	0	1352															
ct169-598-21	228992	3	2022-08-21T06:00:00Z	2022-08-21T12:00:00Z		12.7	87.3	0	18	400	425				10	1032	0	1160															
ct169-598-21	228992	7	2022-08-21T12:00:00Z	2022-08-21T18:00:00Z		9.6	90.4	0	14	450	925				182.5	1288	300	2008															
ct169-598-21	228992	7	2022-08-21T18:00:00Z	2022-08-22T00:00:00Z		23.9	76.1	0	16	525	975				307.5	1000	480	1448															
ct169-598-21	228992	7	2022-08-22T00:00:00Z	2022-08-22T06:00:00Z		20.7	79.3	0	14	650	950				247.5	1160	420	1688															
ct169-598-21	228992	3	2022-08-22T06:00:00Z	2022-08-22T12:00:00Z		12.7	87.3	0	18	425	475				20	1000	60	1160															
ct169-598-21	228992	3	2022-08-22T12:00:00Z	2022-08-22T18:00:00Z		14.3	85.7	0	18	370	575				182.5	904	360	1352															
ct169-598-21	228992	3	2022-08-22T18:00:00Z	2022-08-23T00:00:00Z		12.7	87.3	0	16	525	675				232.5	1128	480	1512															
ct169-598-21	228992	1	2022-08-23T00:00:00Z	2022-08-23T06:00:00Z		14.3	85.7	0	14	625	925				92.5	1320	180	1416															
ct169-598-21	228992	1	2022-08-23T06:00:00Z	2022-08-23T12:00:00Z		11.2	88.8	0	18	425	950				132.5	1032	60	1224															
ct169-598-21	228992	1	2022-08-23T12:00:00Z	2022-08-23T18:00:00Z		19.1	80.9	0	14	450	925				172.5	1160	360	2072															
ct169-598-21	228992	5	2022-08-23T18:00:00Z	2022-08-24T00:00:00Z		11.2	88.8	0	14	650	650				10	1416	0	1512															
ct169-598-21	228992	5	2022-08-24T00:00:00Z	2022-08-24T06:00:00Z		9.6	90.4	0	12	550	675				122.5	1512	180	2072															
ct169-598-21	228992	5	2022-08-24T06:00:00Z	2022-08-24T12:00:00Z		12.7	87.3	0	16	450	550				60	1096	60	1256															
ct169-598-21	228992	3	2022-08-24T12:00:00Z	2022-08-24T18:00:00Z		11.2	79.3	9.5	12	400	575				102.5	1288	420	2136															
ct169-598-21	228992	3	2022-08-24T18:00:00Z	2022-08-25T00:00:00Z		9.6	90.4	0	12	600	650				82.5	1480	120	1624															
ct169-598-21	228992	3	2022-08-25T00:00:00Z	2022-08-25T06:00:00Z		9.6	90.4	0	14	600	1025				192.5	1480	120	1752															
ct169-598-21	228992	3	2022-08-25T06:00:00Z	2022-08-25T12:00:00Z		12.7	87.3	0	18	400	875				132.5	1064	120	1352															
ct169-598-21	228992	3	2022-08-25T12:00:00Z	2022-08-25T18:00:00Z		8	92	0	12	525	975				247.5	1560	300	2200															
ct169-598-21	228992	3	2022-08-25T18:00:00Z	2022-08-26T00:00:00Z		11.2	88.8	0	14	650	975				222.5	1448	60	1688															
ct169-598-21	228992	11	2022-08-26T00:00:00Z	2022-08-26T06:00:00Z		9.6	90.4	0	12	675	1025				247.5	1512	120	1944															
ct169-598-21	228992	11	2022-08-26T06:00:00Z	2022-08-26T12:00:00Z		11.2	88.8	0	16	450	475				15	1128	60	1320															
ct169-598-21	228992	11	2022-08-26T12:00:00Z	2022-08-26T18:00:00Z		9.6	90.4	0	14	425	475				55	1192	180	1752															
ct169-598-21	228992	8	2022-08-26T18:00:00Z	2022-08-27T00:00:00Z		9.6	90.4	0	12	600	1000				232.5	1560	180	2072															
ct169-598-21	228992	8	2022-08-27T00:00:00Z	2022-08-27T06:00:00Z		9.6	90.4	0	12	675	1000				247.5	1560	180	1944															
ct169-598-21	228992	8	2022-08-27T06:00:00Z	2022-08-27T12:00:00Z		12.7	87.3	0	14	450	600				55	1192	180	1688															
ct169-598-21	228992	4	2022-08-27T12:00:00Z	2022-08-27T18:00:00Z		9.6	90.4	0	14	425	475				45	1320	180	1944															
ct169-598-21	228992	4	2022-08-27T18:00:00Z	2022-08-28T00:00:00Z		9.6	90.4	0	12	650	1075				267.5	1480	120	1688															
ct169-598-21	228992	4	2022-08-28T00:00:00Z	2022-08-28T06:00:00Z		9.6	90.4	0	12	575	975				192.5	1560	120	1944															
ct169-598-21	228992	4	2022-08-28T06:00:00Z	2022-08-28T12:00:00Z		11.2	88.8	0	14	575	975				162.5	1256	120	1624															
ct169-598-21	228992	4	2022-08-28T12:00:00Z	2022-08-28T18:00:00Z		9.6	90.4	0	14	475	1025				192.5	1416	300	2136															
ct169-598-21	228992	4	2022-08-28T18:00:00Z	2022-08-29T00:00:00Z		9.6	90.4	0	12	550	650				132.5	1560	60	1752															
ct169-598-21	228992	4	2022-08-29T00:00:00Z	2022-08-29T06:00:00Z		9.6	90.4	0	12	575	650				70	1560	60	1752															
ct169-598-21	228992	4	2022-08-29T06:00:00Z	2022-08-29T12:00:00Z		11.2	88.8	0	16	450	500				30	1160	0	1224															
ct169-598-21	228992	4	2022-08-29T12:00:00Z	2022-08-29T18:00:00Z		11.2	88.8	0	16	475	575				102.5	1128	120	1416															
ct169-598-21	228992	5	2022-08-29T18:00:00Z	2022-08-30T00:00:00Z		8	92	0	14	500	625				92.5	1480	300	2200															
ct169-598-21	228992	5	2022-08-30T00:00:00Z	2022-08-30T06:00:00Z		8	92	0	12	525	675				92.5	1560	180	1880															
ct169-598-21	228992	5	2022-08-30T06:00:00Z	2022-08-30T12:00:00Z		9.6	90.4	0	14	425	550				102.5	1224	180	1448															
ct169-598-21	228992	6	2022-08-30T12:00:00Z	2022-08-30T18:00:00Z		9.6	90.4	0	12	450	950				172.5	1688	180	1944															
ct169-598-21	228992	6	2022-08-30T18:00:00Z	2022-08-31T00:00:00Z		8	92	0	10	550	950				182.5	1688	60	1816															
ct169-598-21	228992	6	2022-08-31T00:00:00Z	2022-08-31T06:00:00Z		9.6	90.4	0	12	675	1075				162.5	1560	0	1624															
ct169-598-21	228992	3	2022-08-31T06:00:00Z	2022-08-31T12:00:00Z		11.2	88.8	0	16	450	500				20	1224	60	1384															
ct169-598-21	228992	3	2022-08-31T12:00:00Z	2022-08-31T18:00:00Z		9.6	90.4	0	12	425	875				192.5	1560	180	2008															
ct169-598-21	228992	3	2022-08-31T18:00:00Z	2022-09-01T00:00:00Z		11.2	77.7	11.1	10	525	875				212.5	1560	360	1816															
ct169-598-21	228992	1	2022-09-01T00:00:00Z	2022-09-01T06:00:00Z		11.2	53.9	34.9	6	575	825				122.5	1512	300	1944															
ct169-598-21	228992	1	2022-09-01T06:00:00Z	2022-09-01T12:00:00Z		11.2	88.8	0	16	450	500				35	1224	0	1288															
ct169-598-21	228992	1	2022-09-01T12:00:00Z	2022-09-01T18:00:00Z		11.2	88.8	0	14	475	625				75	1288	240	1880															
ct169-598-21	228992	8	2022-09-01T18:00:00Z	2022-09-02T00:00:00Z		35	65	0	12	850	975				132.5	1096	420	1688															
ct169-598-21	228992	8	2022-09-02T00:00:00Z	2022-09-02T06:00:00Z		22.3	77.7	0	14	525	925				267.5	1192	420	1688															
ct169-598-21	228992	8	2022-09-02T06:00:00Z	2022-09-02T12:00:00Z		11.2	88.8	0	18	350	475				132.5	1096	120	1256															
ct169-598-21	228992	6	2022-09-03T06:00:00Z	2022-09-03T12:00:00Z		11.2	88.8	0	16	475	525				20	1224	60	1560															
ct169-598-21	228992	6	2022-09-03T12:00:00Z	2022-09-03T18:00:00Z		9.6	90.4	0	14	450	575				45	1352	120	1752															
ct169-598-21	228992	6	2022-09-03T18:00:00Z	2022-09-04T00:00:00Z		9.6	90.4	0	12	650	675				5	1624	60	1880															
ct169-598-21	228992	1	2022-09-04T00:00:00Z	2022-09-04T06:00:00Z		9.6	90.4	0	12	600	650				50	1560	60	1752															
ct169-598-21	228992	1	2022-09-04T06:00:00Z	2022-09-04T12:00:00Z		15.9	84.1	0	16	525	900				182.5	1160	240	1416															
ct169-598-21	228992	1	2022-09-04T12:00:00Z	2022-09-04T18:00:00Z		11.2	88.8	0	12	500	900				152.5	1624	360	2328															
ct169-598-21	228992	9	2022-09-04T18:00:00Z	2022-09-05T00:00:00Z		14.3	85.7	0	12	650	900				70	1448	240	1624															
ct169-598-21	228992	9	2022-09-05T00:00:00Z	2022-09-05T06:00:00Z		11.2	88.8	0	14	600	650				45	1416	60	1560															
ct169-598-21	228992	9	2022-09-05T06:00:00Z	2022-09-05T12:00:00Z		22.3	77.7	0	14	550	850				222.5	1128	420	1688															
ct169-598-21	228992	6	2022-09-05T12:00:00Z	2022-09-05T18:00:00Z		11.2	84.1	4.7	14	425	600				122.5	1320	360	2136															
ct169-598-21	228992	6	2022-09-05T18:00:00Z	2022-09-06T00:00:00Z		17.5	82.5	0	10	650	875				112.5	1624	540	2328															
ct169-598-21	228992	6	2022-09-06T00:00:00Z	2022-09-06T06:00:00Z		19.1	80.9	0	14	600	850				192.5	1320	480	1816															
ct169-598-21	228992	15	2022-09-06T06:00:00Z	2022-09-06T12:00:00Z		11.2	88.8	0	16	475	550				70	1224	120	1416															
ct169-598-21	228992	15	2022-09-06T12:00:00Z	2022-09-06T18:00:00Z		9.6	82.5	7.9	12	400	475				92.5	1384	420	2328															
ct169-598-21	228992	15	2022-09-06T18:00:00Z	2022-09-07T00:00:00Z		14.3	85.7	0	12	650	800				40	1624	300	2264															
ct169-598-21	228992	6	2022-09-07T00:00:00Z	2022-09-07T06:00:00Z		9.6	90.4	0	12	600	625				20	1480	60	1624															
ct169-598-21	228992	6	2022-09-07T06:00:00Z	2022-09-07T12:00:00Z		11.2	88.8	0	16	475	550				20	1224	60	1320															
ct169-598-21	228992	6	2022-09-07T12:00:00Z	2022-09-07T18:00:00Z		9.6	90.4	0	12	425	650				122.5	1560	300	2136															
ct169-598-21	228992	9	2022-09-07T18:00:00Z	2022-09-08T00:00:00Z		11.2	88.8	0	14	650	650				5	1448	0	1560															
ct169-598-21	228992	9	2022-09-08T00:00:00Z	2022-09-08T06:00:00Z		11.2	88.8	0	14	625	700				45	1384	60	1512															
ct169-598-21	228992	9	2022-09-08T06:00:00Z	2022-09-08T12:00:00Z		11.2	88.8	0	14	500	550				20	1256	60	1560															
ct169-598-21	228992	3	2022-09-08T12:00:00Z	2022-09-08T18:00:00Z		9.6	90.4	0	14	450	625				92.5	1416	240	2136															
ct169-598-21	228992	3	2022-09-08T18:00:00Z	2022-09-09T00:00:00Z		9.6	90.4	0	12	650	675				5	1560	60	1688															
ct169-598-21	228992	3	2022-09-09T00:00:00Z	2022-09-09T06:00:00Z		12.7	87.3	0	14	600	650				60	1384	120	1688															
ct169-598-21	228992	12	2022-09-09T06:00:00Z	2022-09-09T12:00:00Z		12.8	60.3	26.9	12	500	575				112.5	1192	120	1384															
ct169-598-21	228992	12	2022-09-09T12:00:00Z	2022-09-09T18:00:00Z		11.2	88.8	0	12	525	625				82.5	1416	120	1880															
ct169-598-21	228992	12	2022-09-09T18:00:00Z	2022-09-10T00:00:00Z		12.8	85.7	1.5	12	600	750				122.5	1512	420	2200															
ct169-598-21	228992	3	2022-09-10T00:00:00Z	2022-09-10T06:00:00Z		9.6	90.4	0	14	600	675				60	1448	60	1560															
ct169-598-21	228992	3	2022-09-10T06:00:00Z	2022-09-10T12:00:00Z		11.2	88.8	0	16	550	600				25	1192	0	1288															
ct169-598-21	228992	3	2022-09-10T12:00:00Z	2022-09-10T18:00:00Z		9.6	90.4	0	14	475	600				92.5	1416	300	2136															
ct169-598-21	228992	15	2022-09-10T18:00:00Z	2022-09-11T00:00:00Z		9.6	90.4	0	12	650	675				15	1480	60	1688															
ct169-598-21	228992	15	2022-09-11T00:00:00Z	2022-09-11T06:00:00Z		14.3	85.7	0	14	600	775				65	1384	240	1624															
ct169-598-21	228992	15	2022-09-11T06:00:00Z	2022-09-11T12:00:00Z		11.2	88.8	0	14	575	625				35	1256	60	1480															
ct169-598-21	228992	1	2022-09-12T06:00:00Z	2022-09-12T12:00:00Z		11.2	71.4	17.4	12	575	650				40	1256	60	1384															
ct169-598-21	228992	1	2022-09-12T12:00:00Z	2022-09-12T18:00:00Z		1.7	17.4	80.9	2	340	390				55	1288	120	1480															
ct169-598-21	228992	1	2022-09-12T18:00:00Z	2022-09-13T00:00:00Z		20.8	26.9	52.3	10	425	600				222.5	584	420	1352															
ct169-598-21	228992	6	2022-09-13T00:00:00Z	2022-09-13T06:00:00Z		36.6	44.4	19	16	475	625				222.5	552	360	1416															
ct169-598-21	228992	6	2022-09-13T06:00:00Z	2022-09-13T12:00:00Z		12.7	87.3	0	16	550	625				30	1224	0	1288															
ct169-598-21	228992	6	2022-09-13T12:00:00Z	2022-09-13T18:00:00Z		11.2	88.8	0	14	525	650				50	1320	60	1448															
ct169-598-21	228992	2	2022-09-13T18:00:00Z	2022-09-14T00:00:00Z		27.1	71.4	1.5	12	575	675				162.5	1096	420	1624															
ct169-598-21	228992	2	2022-09-14T00:00:00Z	2022-09-14T06:00:00Z		25.4	74.6	0	18	450	675				247.5	968	540	1624															
ct169-598-21	228992	2	2022-09-14T06:00:00Z	2022-09-14T12:00:00Z		11.2	88.8	0	14	500	600				102.5	1224	240	1560															
ct169-598-21	228992	6	2022-09-14T12:00:00Z	2022-09-14T18:00:00Z		9.6	90.4	0	12	475	600				102.5	1688	360	2328															
ct169-598-21	228992	6	2022-09-14T18:00:00Z	2022-09-15T00:00:00Z		42.9	57.1	0	16	475	650				267.5	744	420	1688															
ct169-598-21	228992	6	2022-09-15T00:00:00Z	2022-09-15T06:00:00Z		22.3	77.7	0	14	525	650				202.5	1096	480	1560															
ct169-598-21	228992	2	2022-09-15T06:00:00Z	2022-09-15T12:00:00Z		11.2	88.8	0	16	500	550				20	1288	0	1352															
ct169-598-21	228992	2	2022-09-15T12:00:00Z	2022-09-15T18:00:00Z		8	92	0	12	425	600				122.5	1560	420	2392															
ct169-598-21	228992	2	2022-09-15T18:00:00Z	2022-09-16T00:00:00Z		12.7	87.3	0	12	650	675				15	1560	180	1880															
ct169-598-21	228992	5	2022-09-16T18:00:00Z	2022-09-17T00:00:00Z		38.1	61.9	0	14	575	675				212.5	968	480	1816															
ct169-598-21	228992	5	2022-09-17T00:00:00Z	2022-09-17T06:00:00Z		12.7	87.3	0	12	575	650				102.5	1416	180	1816															
ct169-598-21	228992	5	2022-09-17T06:00:00Z	2022-09-17T12:00:00Z		11.2	88.8	0	14	550	600				20	1288	0	1384															
ct169-598-21	228992	8	2022-09-17T12:00:00Z	2022-09-17T18:00:00Z		9.6	90.4	0	14	500	650				142.5	1384	240	1752															
ct169-598-21	228992	8	2022-09-17T18:00:00Z	2022-09-18T00:00:00Z		49.3	50.7	0	14	550	675				222.5	808	360	1624															
ct169-598-21	228992	8	2022-09-18T00:00:00Z	2022-09-18T06:00:00Z		22.3	77.7	0	16	475	650				232.5	1064	540	1512															
ct169-598-21	228992	4	2022-09-18T06:00:00Z	2022-09-18T12:00:00Z		17.6	80.9	1.5	14	550	700				92.5	1224	240	1512															
ct169-598-21	228992	4	2022-09-18T12:00:00Z	2022-09-18T18:00:00Z		17.6	77.7	4.7	12	550	700				122.5	1512	480	2136															
ct169-598-21	228992	4	2022-09-18T18:00:00Z	2022-09-19T00:00:00Z		33.4	66.6	0	14	425	675				287.5	872	660	2328															
ct169-598-21	228992	2	2022-09-19T00:00:00Z	2022-09-19T06:00:00Z		15.9	84.1	0	14	575	650				152.5	1320	360	1688															
ct169-598-21	228992	2	2022-09-19T06:00:00Z	2022-09-19T12:00:00Z		17.5	82.5	0	12	450	700				162.5	1352	540	2200															
ct169-598-21	228992	2	2022-09-19T12:00:00Z	2022-09-19T18:00:00Z		15.9	84.1	0	12	525	625				60	1416	120	1688															
ct169-598-21	228992	4	2022-09-19T18:00:00Z	2022-09-20T00:00:00Z		58.8	41.2	0	16	475	650				267.5	552	240	840															
ct169-598-21	228992	4	2022-09-20T00:00:00Z	2022-09-20T06:00:00Z		17.5	82.5	0	12	500	675				152.5	1384	540	2200															
ct169-598-21	228992	4	2022-09-20T06:00:00Z	2022-09-20T12:00:00Z		9.6	90.4	0	14	500	575				55	1416	0	1512															
ct169-598-21	228992	2	2022-09-20T12:00:00Z	2022-09-20T18:00:00Z		8	92	0	12	475	650				122.5	1624	180	2008															
ct169-598-21	228992	2	2022-09-20T18:00:00Z	2022-09-21T00:00:00Z		25.4	74.6	0	14	525	650				247.5	1064	600	1816															
ct169-598-21	228992	2	2022-09-21T00:00:00Z	2022-09-21T06:00:00Z		28.6	71.4	0	16	500	675				232.5	1000	540	1560															
ct169-598-21	228992	7	2022-09-21T06:00:00Z	2022-09-21T12:00:00Z		14.3	85.7	0	12	525	650				102.5	1512	240	1880															
ct169-598-21	228992	7	2022-09-21T12:00:00Z	2022-09-21T18:00:00Z		9.6	90.4	0	10	450	650				102.5	1816	300	2584															
ct169-598-21	228992	7	2022-09-21T18:00:00Z	2022-09-22T00:00:00Z		35	58.7	6.3	18	400	675				287.5	680	540	1688															
ct169-598-21	228992	7	2022-09-22T18:00:00Z	2022-09-23T00:00:00Z		20.7	31.7	47.6	8	425	650				307.5	776	540	1624															
ct169-598-21	228992	7	2022-09-23T00:00:00Z	2022-09-23T06:00:00Z		9.6	15.8	74.6	4	400	450				60	648	240	1160															
ct169-598-21	228992	7	2022-09-23T06:00:00Z	2022-09-23T12:00:00Z		43	53.9	3.1	18	310	500				222.5	584	480	1560															
ct169-598-21	228992	11	2022-09-23T12:00:00Z	2022-09-23T18:00:00Z		22.3	44.4	33.3	12	400	550				172.5	840	600	2008															
ct169-598-21	228992	11	2022-09-23T18:00:00Z	2022-09-24T00:00:00Z		30.2	20.6	49.2	12	550	575				10	432	0	520															
ct169-598-21	228992	11	2022-09-24T00:00:00Z	2022-09-24T06:00:00Z		30.2	49.2	20.6	12	525	550				35	808	360	1416															
ct169-598-21	228992	3	2022-09-25T00:00:00Z	2022-09-25T06:00:00Z		30.3	55.5	14.2	14	425	575				192.5	872	420	1512															
ct169-598-21	228992	3	2022-09-25T06:00:00Z	2022-09-25T12:00:00Z		9.6	90.4	0	12	475	525				20	1512	0	1560															
ct169-598-21	228992	3	2022-09-25T12:00:00Z	2022-09-25T18:00:00Z		17.5	82.5	0	12	425	600				142.5	1480	600	2328															
ct169-598-21	228992	2	2022-09-25T18:00:00Z	2022-09-26T00:00:00Z		38.2	26.9	34.9	14	525	650				212.5	432	180	712															
ct169-598-21	228992	2	2022-09-26T00:00:00Z	2022-09-26T06:00:00Z		31.8	47.6	20.6	16	425	600				232.5	616	480	1512															
ct169-598-21	228992	2	2022-09-26T06:00:00Z	2022-09-26T12:00:00Z		16	80.9	3.1	12	450	550				132.5	1256	480	1624															
ct169-598-21	228992	4	2022-09-28T00:00:00Z	2022-09-28T06:00:00Z		19.2	63.4	17.4	10	500	575				60	1256	600	1880															
ct169-598-21	228992	4	2022-09-28T06:00:00Z	2022-09-28T12:00:00Z		22.3	77.7	0	12	425	550				142.5	1352	540	1880															
ct169-598-21	228992	4	2022-09-28T12:00:00Z	2022-09-28T18:00:00Z		12.8	85.7	1.5	10	475	600				60	1816	480	2456															
ct169-598-21	228992	4	2022-09-28T18:00:00Z	2022-09-29T00:00:00Z		30.3	26.9	42.8	10	600	600				5	480	0	552															
ct169-598-21	228992	4	2022-09-29T00:00:00Z	2022-09-29T06:00:00Z		39.8	42.8	17.4	14	450	600				222.5	648	480	1688															
ct169-598-21	228992	4	2022-09-29T06:00:00Z	2022-09-29T12:00:00Z		14.3	85.7	0	12	450	575				142.5	1448	480	1752															
ct169-598-21	228992	2	2022-09-30T06:00:00Z	2022-09-30T12:00:00Z		11.2	85.7	3.1	12	450	575				65	1416	180	1688															
ct169-598-21	228992	2	2022-09-30T12:00:00Z	2022-09-30T18:00:00Z		17.6	69.8	12.6	14	425	600				182.5	1160	720	2136															
ct169-598-21	228992	2	2022-09-30T18:00:00Z	2022-10-01T00:00:00Z		19.2	68.2	12.6	10	425	600				102.5	1224	480	1752															
ct169-598-21	228992	1	2022-10-01T00:00:00Z	2022-10-01T06:00:00Z		19.2	63.4	17.4	12	475	600				92.5	1064	420	1624															
ct169-598-21	228992	1	2022-10-01T06:00:00Z	2022-10-01T12:00:00Z		15.9	84.1	0	14	450	575				142.5	1192	300	1480															
ct169-598-21	228992	1	2022-10-01T12:00:00Z	2022-10-01T18:00:00Z		17.6	30.1	52.3	10	500	575				70	776	480	1816															
ct169-598-21	228992	4	2022-10-01T18:00:00Z	2022-10-02T00:00:00Z		25.5	25.3	49.2	10	575	575				5	432	0	464															
ct169-598-21	228992	4	2022-10-02T00:00:00Z	2022-10-02T06:00:00Z		20.8	52.3	26.9	12	500	575				102.5	840	360	1384															
ct169-598-21	228992	4	2022-10-02T06:00:00Z	2022-10-02T12:00:00Z		28.6	71.4	0	18	320	550				222.5	872	600	1816															
ct169-598-21	228992	6	2022-10-02T12:00:00Z	2022-10-02T18:00:00Z		16	76.1	7.9	14	360	600				212.5	1064	720	2392															
ct169-598-21	228992	6	2022-10-02T18:00:00Z	2022-10-03T00:00:00Z		27.1	26.9	46	12	575	600				10	496	0	520															
ct169-598-21	228992	6	2022-10-03T00:00:00Z	2022-10-03T06:00:00Z		31.9	42.8	25.3	12	550	575				30	680	240	1256															
ct169-598-21	228992	1	2022-10-03T06:00:00Z	2022-10-03T12:00:00Z		15.9	73	11.1	12	450	600				142.5	1192	360	1624															
ct169-598-21	228992	1	2022-10-03T12:00:00Z	2022-10-03T18:00:00Z		25.5	57.1	17.4	12	500	600				112.5	1064	420	1688															
ct169-598-21	228992	1	2022-10-03T18:00:00Z	2022-10-04T00:00:00Z		16	19	65	6	360	450				162.5	616	480	1624															
ct169-598-21	228992	4	2022-10-04T00:00:00Z	2022-10-04T06:00:00Z		35	30.1	34.9	18	380	500				192.5	400	180	680															
ct169-598-21	228992	4	2022-10-04T06:00:00Z	2022-10-04T12:00:00Z		39.8	34.9	25.3	14	425	500				162.5	432	180	648															
ct169-598-21	228992	4	2022-10-04T12:00:00Z	2022-10-04T18:00:00Z		17.5	82.5	0	14	360	500				92.5	1256	240	1624															
ct169-598-21	228992	2	2022-10-04T18:00:00Z	2022-10-05T00:00:00Z		25.5	31.7	42.8	12	475	550				152.5	496	300	1512															
ct169-598-21	228992	2	2022-10-05T00:00:00Z	2022-10-05T06:00:00Z		30.2	47.6	22.2	14	475	550				132.5	776	480	1624															
ct169-598-21	228992	2	2022-10-05T06:00:00Z	2022-10-05T12:00:00Z		27.1	58.7	14.2	16	425	575				172.5	776	360	1288															
ct169-598-21	228992	3	2022-10-06T06:00:00Z	2022-10-06T12:00:00Z		11.2	88.8	0	14	475	550				50	1224	120	1288															
ct169-598-21	228992	3	2022-10-06T12:00:00Z	2022-10-06T18:00:00Z		15.9	73	11.1	14	400	575				92.5	1224	420	2072															
ct169-598-21	228992	3	2022-10-06T18:00:00Z	2022-10-07T00:00:00Z		17.6	52.3	30.1	12	475	550				70	968	540	1752															
ct169-598-21	228992	1	2022-10-07T00:00:00Z	2022-10-07T06:00:00Z		27.1	52.3	20.6	12	500	550				30	840	360	1448															
ct169-598-21	228992	1	2022-10-07T06:00:00Z	2022-10-07T12:00:00Z		19.2	63.4	17.4	14	475	575				75	936	360	1256															
ct169-598-21	228992	1	2022-10-07T12:00:00Z	2022-10-07T18:00:00Z		17.6	68.2	14.2	14	370	550				132.5	1032	360	1624															
ct169-598-21	228992	1	2022-10-07T18:00:00Z	2022-10-08T00:00:00Z		22.3	46	31.7	12	500	575				70	808	480	1560															
ct169-598-21	228992	1	2022-10-08T00:00:00Z	2022-10-08T06:00:00Z		20.8	52.3	26.9	12	500	550				45	872	360	1560															
ct169-598-21	228992	1	2022-10-08T06:00:00Z	2022-10-08T12:00:00Z		16	77.7	6.3	14	475	550				25	1160	240	1480															
ct169-598-21	228992	1	2022-10-10T00:00:00Z	2022-10-10T06:00:00Z		30.3	30.1	39.6	12	550	575				20	552	180	1224															
ct169-598-21	228992	1	2022-10-10T06:00:00Z	2022-10-10T12:00:00Z		23.9	65	11.1	16	360	550				172.5	776	360	1384															
ct169-598-21	228992	1	2022-10-10T12:00:00Z	2022-10-10T18:00:00Z		30.3	50.7	19	14	370	500				152.5	872	420	1624															
ct169-598-21	228992	2	2022-10-10T18:00:00Z	2022-10-11T00:00:00Z		19.2	41.2	39.6	10	500	550				45	840	600	1880															
ct169-598-21	228992	2	2022-10-11T00:00:00Z	2022-10-11T06:00:00Z		23.9	55.5	20.6	14	450	525				132.5	840	420	1512															
ct169-598-21	228992	2	2022-10-11T06:00:00Z	2022-10-11T12:00:00Z		39.8	52.3	7.9	16	425	525				162.5	680	360	1384															
ct169-598-21	228992	3	2022-10-13T00:00:00Z	2022-10-13T06:00:00Z		27.1	44.4	28.5	14	400	550				182.5	648	360	1288															
ct169-598-21	228992	3	2022-10-13T06:00:00Z	2022-10-13T12:00:00Z		36.6	49.2	14.2	16	390	575				192.5	648	420	1688															
ct169-598-21	228992	3	2022-10-13T12:00:00Z	2022-10-13T18:00:00Z		19.2	66.6	14.2	12	425	525				82.5	1256	600	2136															
ct169-598-21	228992	6	2022-10-14T12:00:00Z	2022-10-14T18:00:00Z		19.1	49.2	31.7	12	425	525				92.5	936	540	1816															
ct169-598-21	228992	6	2022-10-14T18:00:00Z	2022-10-15T00:00:00Z		22.3	44.4	33.3	12	450	500				55	840	480	1560															
ct169-598-21	228992	6	2022-10-15T00:00:00Z	2022-10-15T06:00:00Z		20.7	46	33.3	12	450	500				55	776	420	1480															
ct169-598-21	228992	1	2022-10-15T06:00:00Z	2022-10-15T12:00:00Z		38.2	46	15.8	16	370	500				172.5	584	360	1256															
ct169-598-21	228992	1	2022-10-15T12:00:00Z	2022-10-15T18:00:00Z		22.4	52.3	25.3	12	425	525				102.5	936	480	1688															
ct169-598-21	228992	1	2022-10-15T18:00:00Z	2022-10-16T00:00:00Z		22.3	42.8	34.9	10	475	525				65	712	420	1480															
ct169-598-21	228992	1	2022-10-16T00:00:00Z	2022-10-16T06:00:00Z		30.3	44.4	25.3	14	425	550				172.5	712	480	1560															
ct169-598-21	228992	1	2022-10-16T06:00:00Z	2022-10-16T12:00:00Z		58.8	41.2	0	20	360	500				212.5	432	240	744															
ct169-598-21	228992	1	2022-10-16T12:00:00Z	2022-10-16T18:00:00Z		27.1	50.7	22.2	14	425	550				142.5	776	360	1352															
ct169-598-21	228992	5	2022-10-16T18:00:00Z	2022-10-17T00:00:00Z		20.8	52.3	26.9	10	475	575				82.5	968	540	1752															
ct169-598-21	228992	5	2022-10-17T00:00:00Z	2022-10-17T06:00:00Z		38.2	31.7	30.1	14	425	550				212.5	480	240	968															
ct169-598-21	228992	5	2022-10-17T06:00:00Z	2022-10-17T12:00:00Z		38.2	55.5	6.3	16	425	550				142.5	744	420	1416															
ct169-598-21	228992	2	2022-10-17T12:00:00Z	2022-10-17T18:00:00Z		14.4	76.1	9.5	12	400	525				75	1416	540	2264															
ct169-598-21	228992	2	2022-10-17T18:00:00Z	2022-10-18T00:00:00Z		25.5	25.3	49.2	10	550	550				5	464	0	552															
ct169-598-21	228992	2	2022-10-18T00:00:00Z	2022-10-18T06:00:00Z		30.2	47.6	22.2	12	450	550				152.5	712	420	1560															
ct169-598-21	228992	5	2022-10-18T06:00:00Z	2022-10-18T12:00:00Z		25.5	52.3	22.2	14	475	575				152.5	840	480	1560															
ct169-598-21	228992	5	2022-10-18T12:00:00Z	2022-10-18T18:00:00Z		20.7	71.4	7.9	14	310	550				152.5	1096	480	1816															
ct169-598-21	228992	5	2022-10-18T18:00:00Z	2022-10-19T00:00:00Z		27.1	28.5	44.4	10	550	575				10	520	60	776															
ct169-598-21	228992	4	2022-10-19T00:00:00Z	2022-10-19T06:00:00Z		22.3	53.9	23.8	14	425	575				162.5	808	360	1352															
ct169-598-21	228992	4	2022-10-19T06:00:00Z	2022-10-19T12:00:00Z		17.6	69.8	12.6	12	400	600				132.5	1160	420	1560															
ct169-598-21	228992	4	2022-10-19T12:00:00Z	2022-10-19T18:00:00Z		15.9	74.6	9.5	12	450	600				112.5	1320	360	2072															
ct169-598-21	228992	3	2022-10-19T18:00:00Z	2022-10-20T00:00:00Z		19.2	50.7	30.1	10	500	600				92.5	872	480	1560															
ct169-598-21	228992	3	2022-10-20T00:00:00Z	2022-10-20T06:00:00Z		23.9	55.5	20.6	12	475	575				92.5	968	360	1560															
ct169-598-21	228992	3	2022-10-20T06:00:00Z	2022-10-20T12:00:00Z		20.8	65	14.2	14	450	575				122.5	1064	360	1480															
ct169-598-21	228992	8	2022-10-20T12:00:00Z	2022-10-20T18:00:00Z		11.2	61.9	26.9	10	340	550				152.5	1384	420	2392															
ct169-598-21	228992	8	2022-10-20T18:00:00Z	2022-10-21T00:00:00Z		19.1	46	34.9	10	450	550				142.5	872	600	1944															
ct169-598-21	228992	8	2022-10-21T00:00:00Z	2022-10-21T06:00:00Z		33.5	41.2	25.3	14	450	550				182.5	648	360	1512															
ct169-598-21	228992	2	2022-10-25T18:00:00Z	2022-10-26T00:00:00Z		22.3	31.7	46	10	475	525				35	520	300	1560															
ct169-598-21	228992	2	2022-10-26T00:00:00Z	2022-10-26T06:00:00Z		22.3	49.2	28.5	10	450	525				55	968	540	2008															
ct169-598-21	228992	2	2022-10-26T06:00:00Z	2022-10-26T12:00:00Z		30.2	46	23.8	14	380	475				122.5	744	360	1288															
ct169-598-21	228992	3	2022-10-26T12:00:00Z	2022-10-26T18:00:00Z		22.3	66.6	11.1	12	330	475				112.5	1128	480	1816															
ct169-598-21	228992	3	2022-10-26T18:00:00Z	2022-10-27T00:00:00Z		27.1	33.3	39.6	12	425	475				122.5	616	480	2008															
ct169-598-21	228992	3	2022-10-27T00:00:00Z	2022-10-27T06:00:00Z		28.7	25.3	46	10	475	500				10	464	60	712															
ct169-598-21	228992	9	2022-10-31T00:00:00Z	2022-10-31T06:00:00Z		38.2	28.5	33.3	14	400	525				192.5	432	180	808															
ct169-598-21	228992	9	2022-10-31T06:00:00Z	2022-10-31T12:00:00Z		35	53.9	11.1	14	350	525				182.5	712	480	1624															
ct169-598-21	228992	9	2022-10-31T12:00:00Z	2022-10-31T18:00:00Z		23.9	53.9	22.2	10	400	500				102.5	1160	720	2456															
ct169-598-21	228992	3	2022-10-31T18:00:00Z	2022-11-01T00:00:00Z		27.1	20.6	52.3	10	500	500				5	448	0	552															
ct169-598-21	228992	3	2022-11-01T00:00:00Z	2022-11-01T06:00:00Z		23.9	31.7	44.4	10	500	500				25	584	420	1880															
ct169-598-21	228992	3	2022-11-01T06:00:00Z	2022-11-01T12:00:00Z		33.5	50.7	15.8	14	350	525				172.5	744	420	1448															
ct169-598-21	228992	3	2022-11-01T12:00:00Z	2022-11-01T18:00:00Z		25.5	57.1	17.4	10	400	500				92.5	1128	600	2072															
ct169-598-21	228992	3	2022-11-01T18:00:00Z	2022-11-02T00:00:00Z		23.9	19	57.1	10	500	500				0	432	0	464															
ct169-598-21	228992	3	2022-11-02T00:00:00Z	2022-11-02T06:00:00Z		30.2	33.3	36.5	12	500	525				20	616	240	1560															
ct169-598-21	228992	1	2022-11-02T06:00:00Z	2022-11-02T12:00:00Z		22.3	68.2	9.5	14	300	550				182.5	968	600	1752															
ct169-598-21	228992	1	2022-11-02T12:00:00Z	2022-11-02T18:00:00Z		14.4	65	20.6	10	370	500				102.5	1320	720	2648															
ct169-598-21	228992	1	2022-11-02T18:00:00Z	2022-11-03T00:00:00Z		19.2	26.9	53.9	12	450	500				102.5	496	60	712															
ct169-598-21	228992	4	2022-11-04T12:00:00Z	2022-11-04T18:00:00Z		30.2	47.6	22.2	14	360	500				182.5	712	600	2136															
ct169-598-21	228992	4	2022-11-04T18:00:00Z	2022-11-05T00:00:00Z		17.5	58.7	23.8	10	450	500				65	1128	660	1880															
ct169-598-21	228992	4	2022-11-05T00:00:00Z	2022-11-05T06:00:00Z		28.6	47.6	23.8	14	350	500				182.5	744	540	2200															
ct169-598-21	228992	3	2022-11-05T06:00:00Z	2022-11-05T12:00:00Z		30.3	63.4	6.3	14	350	550				172.5	968	540	1752															
ct169-598-21	228992	3	2022-11-05T12:00:00Z	2022-11-05T18:00:00Z		19.1	57.1	23.8	12	370	525				172.5	1032	840	2456															
ct169-598-21	228992	3	2022-11-05T18:00:00Z	2022-11-06T00:00:00Z		17.5	46	36.5	10	475	500				35	1000	720	2200															
ct169-598-21	228992	2	2022-11-06T00:00:00Z	2022-11-06T06:00:00Z		28.7	26.9	44.4	10	500	525				10	496	120	936															
ct169-598-21	228992	2	2022-11-06T06:00:00Z	2022-11-06T12:00:00Z		20.7	57.1	22.2	12	380	525				122.5	968	420	1624															
ct169-598-21	228992	2	2022-11-06T12:00:00Z	2022-11-06T18:00:00Z		20.8	52.3	26.9	12	340	475				142.5	968	540	1880															
ct169-598-21	228992	1	2022-11-06T18:00:00Z	2022-11-07T00:00:00Z		17.6	39.6	42.8	10	450	500				35	872	660	2072															
ct169-598-21	228992	1	2022-11-07T00:00:00Z	2022-11-07T06:00:00Z		25.5	38	36.5	12	425	500				142.5	648	480	1752															
ct169-598-21	228992	1	2022-11-07T06:00:00Z	2022-11-07T12:00:00Z		25.5	57.1	17.4	12	360	500				132.5	904	540	1752															
ct169-598-21	228992	5	2022-11-07T12:00:00Z	2022-11-07T18:00:00Z		16	71.4	12.6	10	370	475				70	1384	480	1816															
ct169-598-21	228992	5	2022-11-07T18:00:00Z	2022-11-08T00:00:00Z		20.7	30.1	49.2	10	475	475				25	744	540	2008															
ct169-598-21	228992	5	2022-11-08T00:00:00Z	2022-11-08T06:00:00Z		23.9	49.2	26.9	10	425	500				75	1000	540	2008															
ct169-598-21	228992	1	2022-11-08T06:00:00Z	2022-11-08T12:00:00Z		31.9	65	3.1	16	300	525				202.5	744	660	1816															
ct169-598-21	228992	1	2022-11-08T12:00:00Z	2022-11-08T18:00:00Z		23.9	53.9	22.2	10	425	525				70	1224	780	2584															
ct169-598-21	228992	1	2022-11-08T18:00:00Z	2022-11-09T00:00:00Z		20.7	22.2	57.1	10	500	500				5	464	60	744															
ct169-598-21	228992	2	2022-11-10T12:00:00Z	2022-11-10T18:00:00Z		11.2	46	42.8	8	360	475				92.5	1352	720	2328															
ct169-598-21	228992	2	2022-11-10T18:00:00Z	2022-11-11T00:00:00Z		23.9	22.2	53.9	10	500	500				10	448	60	648															
ct169-598-21	228992	2	2022-11-11T00:00:00Z	2022-11-11T06:00:00Z		19.1	44.4	36.5	10	425	475				65	904	660	2392															
ct169-598-21	228992	2	2022-11-12T00:00:00Z	2022-11-12T06:00:00Z		27.1	31.7	41.2	12	450	500				40	616	300	1624															
ct169-598-21	228992	2	2022-11-12T06:00:00Z	2022-11-12T12:00:00Z		25.5	69.8	4.7	12	280	475				112.5	1096	240	1480															
ct169-598-21	228992	2	2022-11-12T12:00:00Z	2022-11-12T18:00:00Z		22.3	58.7	19	12	380	475				82.5	1128	480	1752															
ct169-598-21	228992	1	2022-11-12T18:00:00Z	2022-11-13T00:00:00Z		20.8	25.3	53.9	10	475	500				10	448	60	584															
ct169-598-21	228992	1	2022-11-13T00:00:00Z	2022-11-13T06:00:00Z		35.1	39.6	25.3	14	390	500				162.5	680	420	1816															
ct169-598-21	228992	1	2022-11-13T06:00:00Z	2022-11-13T12:00:00Z		24	63.4	12.6	14	400	525				162.5	936	540	1624															
ct169-598-21	228992	2	2022-11-13T12:00:00Z	2022-11-13T18:00:00Z		19.1	69.8	11.1	14	340	475				112.5	1160	480	1688															
ct169-598-21	228992	2	2022-11-13T18:00:00Z	2022-11-14T00:00:00Z		24	25.3	50.7	10	475	500				25	520	120	808															
ct169-598-21	228992	2	2022-11-14T00:00:00Z	2022-11-14T06:00:00Z		24	25.3	50.7	10	500	500				15	496	120	968															
ct169-598-21	228992	2	2022-11-14T06:00:00Z	2022-11-14T12:00:00Z		22.3	68.2	9.5	14	370	500				122.5	1032	480	1752															
ct169-598-21	228992	2	2022-11-14T12:00:00Z	2022-11-14T18:00:00Z		35.1	38	26.9	14	380	500				192.5	584	480	2136															
ct169-598-21	228992	2	2022-11-14T18:00:00Z	2022-11-15T00:00:00Z		19.2	52.3	28.5	10	450	500				35	1064	660	2136															
ct169-598-21	228992	1	2022-11-15T00:00:00Z	2022-11-15T06:00:00Z		28.7	39.6	31.7	10	450	500				55	744	360	1560															
ct169-598-21	228992	1	2022-11-15T06:00:00Z	2022-11-15T12:00:00Z		35	49.2	15.8	12	450	525				75	744	360	1560															
ct169-598-21	228992	1	2022-11-15T12:00:00Z	2022-11-15T18:00:00Z		25.5	50.7	23.8	14	360	525				192.5	840	600	2136															
ct169-598-21	228992	1	2022-11-15T18:00:00Z	2022-11-16T00:00:00Z		15.9	47.6	36.5	10	475	525				50	1000	660	2008															
ct169-598-21	228992	1	2022-11-16T00:00:00Z	2022-11-16T06:00:00Z		39.7	36.5	23.8	12	475	525				25	648	360	1944															
ct169-598-21	228992	1	2022-11-16T06:00:00Z	2022-11-16T12:00:00Z		27	49.2	23.8	12	400	525				142.5	712	480	1480															
ct169-598-21	228992	1	2022-11-16T12:00:00Z	2022-11-16T18:00:00Z		14.4	66.6	19	10	390	500				70	1448	660	2520															
ct169-598-21	228992	1	2022-11-16T18:00:00Z	2022-11-17T00:00:00Z		19.2	25.3	55.5	8	475	500				35	616	480	2072															
ct169-598-21	228992	1	2022-11-17T00:00:00Z	2022-11-17T06:00:00Z		31.9	38	30.1	12	425	500				122.5	712	300	1320															
ct169-598-21	228992	2	2022-11-17T06:00:00Z	2022-11-17T12:00:00Z		22.3	58.7	19	12	390	500				92.5	968	420	1512															
ct169-598-21	228992	2	2022-11-17T12:00:00Z	2022-11-17T18:00:00Z		17.5	71.4	11.1	10	360	500				122.5	1416	780	2520															
ct169-598-21	228992	2	2022-11-17T18:00:00Z	2022-11-18T00:00:00Z		27.1	25.3	47.6	10	475	550				142.5	520	120	648															
ct169-598-21	228992	5	2022-11-18T18:00:00Z	2022-11-19T00:00:00Z		27.1	31.7	41.2	10	425	500				142.5	648	540	2328															
ct169-598-21	228992	5	2022-11-19T00:00:00Z	2022-11-19T06:00:00Z		25.5	33.3	41.2	10	475	500				55	712	360	1816															
ct169-598-21	228992	5	2022-11-19T06:00:00Z	2022-11-19T12:00:00Z		24	63.4	12.6	14	320	500				172.5	872	600	1752															
ct169-598-21	228992	5	2022-11-21T00:00:00Z	2022-11-21T06:00:00Z		25.5	26.9	47.6	12	425	525				152.5	448	120	584															
ct169-598-21	228992	5	2022-11-21T06:00:00Z	2022-11-21T12:00:00Z		17.5	61.9	20.6	12	400	500				70	1128	540	1688															
ct169-598-21	228992	5	2022-11-21T12:00:00Z	2022-11-21T18:00:00Z		16	76.1	7.9	10	310	500				112.5	1480	480	2456															
ct169-598-21	228992	3	2022-11-22T12:00:00Z	2022-11-22T18:00:00Z		17.6	66.6	15.8	10	400	500				65	1448	720	2648															
ct169-598-21	228992	3	2022-11-22T18:00:00Z	2022-11-23T00:00:00Z		20.7	22.2	57.1	10	450	525				142.5	448	120	808															
ct169-598-21	228992	3	2022-11-23T00:00:00Z	2022-11-23T06:00:00Z		24	25.3	50.7	10	475	500				20	496	60	840															
ct169-598-21	228992	2	2022-11-25T12:00:00Z	2022-11-25T18:00:00Z		19.2	65	15.8	12	370	525				142.5	1224	720	2264															
ct169-598-21	228992	2	2022-11-25T18:00:00Z	2022-11-26T00:00:00Z		25.5	31.7	42.8	12	360	500				202.5	552	540	2200															
ct169-598-21	228992	2	2022-11-26T00:00:00Z	2022-11-26T06:00:00Z		22.3	31.7	46	10	475	500				40	648	300	1560															
ct169-598-21	228992	1	2022-11-26T06:00:00Z	2022-11-26T12:00:00Z		27.1	53.9	19	12	400	525				142.5	840	480	1560															
ct169-598-21	228992	1	2022-11-26T12:00:00Z	2022-11-26T18:00:00Z		16	71.4	12.6	10	390	500				60	1560	660	2648															
ct169-598-21	228992	1	2022-11-26T18:00:00Z	2022-11-27T00:00:00Z		20.7	20.6	58.7	10	500	500				0	448	0	480															
ct169-598-21	228992	1	2022-11-27T00:00:00Z	2022-11-27T06:00:00Z		22.4	39.6	38	10	450	500				60	744	360	1512															
ct169-598-21	228992	1	2022-11-27T06:00:00Z	2022-11-27T12:00:00Z		38.2	46	15.8	14	425	550				172.5	776	540	1688															
ct169-598-21	228992	1	2022-11-27T12:00:00Z	2022-11-27T18:00:00Z		16	58.7	25.3	8	390	550				112.5	1448	720	2712															
ct169-598-21	228992	2	2022-11-28T12:00:00Z	2022-11-28T18:00:00Z		20.7	68.2	11.1	12	350	500				142.5	1128	780	2584															
ct169-598-21	228992	2	2022-11-28T18:00:00Z	2022-11-29T00:00:00Z		22.3	20.6	57.1	10	425	500				142.5	416	120	552															
ct169-598-21	228992	2	2022-11-29T00:00:00Z	2022-11-29T06:00:00Z		27.1	30.1	42.8	10	500	525				20	584	120	904															
ct169-598-21	228992	3	2022-11-30T18:00:00Z	2022-12-01T00:00:00Z		20.7	19	60.3	8	500	500				0	432	0	448															
ct169-598-21	228992	3	2022-12-01T00:00:00Z	2022-12-01T06:00:00Z		24	25.3	50.7	10	500	525				25	496	60	776															
ct169-598-21	228992	3	2022-12-01T06:00:00Z	2022-12-01T12:00:00Z		30.3	42.8	26.9	14	425	525				132.5	680	420	1560															
ct169-598-21	228992	3	2022-12-01T12:00:00Z	2022-12-01T18:00:00Z		17.5	71.4	11.1	12	390	525				92.5	1288	600	2392															
ct169-598-21	228992	3	2022-12-01T18:00:00Z	2022-12-02T00:00:00Z		20.7	19	60.3	10	500	500				0	432	0	448															
ct169-598-21	228992	3	2022-12-02T00:00:00Z	2022-12-02T06:00:00Z		23.9	23.8	52.3	12	500	525				20	480	60	712															
ct169-598-21	228992	2	2022-12-03T00:00:00Z	2022-12-03T06:00:00Z		27.1	30.1	42.8	10	525	550				10	616	120	1096															
ct169-598-21	228992	2	2022-12-03T06:00:00Z	2022-12-03T12:00:00Z		28.7	41.2	30.1	12	475	525				70	712	360	1480															
ct169-598-21	228992	2	2022-12-03T12:00:00Z	2022-12-03T18:00:00Z		12.8	77.7	9.5	12	370	500				75	1416	660	2712															
ct169-598-21	228992	2	2022-12-04T12:00:00Z	2022-12-04T18:00:00Z		16	79.3	4.7	12	350	525				122.5	1416	780	2776															
ct169-598-21	228992	2	2022-12-04T18:00:00Z	2022-12-05T00:00:00Z		20.7	19	60.3	10	500	500				5	432	0	448															
ct169-598-21	228992	2	2022-12-05T00:00:00Z	2022-12-05T06:00:00Z		23.9	30.1	46	10	475	500				45	552	240	1416															
ct169-598-21	228992	3	2022-12-06T00:00:00Z	2022-12-06T06:00:00Z		23.9	22.2	53.9	12	450	500				122.5	416	120	584															
ct169-598-21	228992	3	2022-12-06T06:00:00Z	2022-12-06T12:00:00Z		23.9	57.1	19	12	400	500				102.5	936	480	1624															
ct169-598-21	228992	3	2022-12-06T12:00:00Z	2022-12-06T18:00:00Z		22.3	57.1	20.6	12	400	500				82.5	1128	600	2008															
ct169-598-21	228992	1	2022-12-07T12:00:00Z	2022-12-07T18:00:00Z		14.4	76.1	9.5	12	290	475				132.5	1320	720	2648															
ct169-598-21	228992	1	2022-12-07T18:00:00Z	2022-12-08T00:00:00Z		19.1	19	61.9	10	425	475				132.5	384	60	432															
ct169-598-21	228992	1	2022-12-08T00:00:00Z	2022-12-08T06:00:00Z		20.8	25.3	53.9	10	425	475				132.5	400	120	584															
ct169-598-21	228992	2	2022-12-10T12:00:00Z	2022-12-10T18:00:00Z		14.4	63.4	22.2	12	370	475				82.5	1224	660	2392															
ct169-598-21	228992	2	2022-12-10T18:00:00Z	2022-12-11T00:00:00Z		22.3	19	58.7	8	450	475				0	416	0	464															
ct169-598-21	228992	2	2022-12-11T00:00:00Z	2022-12-11T06:00:00Z		20.8	15.8	63.4	8	450	475				20	520	60	744															
ct169-598-21	228992	1	2022-12-11T06:00:00Z	2022-12-11T12:00:00Z		22.3	31.7	46	10	390	500				132.5	648	480	1688															
ct169-598-21	228992	1	2022-12-11T12:00:00Z	2022-12-11T18:00:00Z		27.1	50.7	22.2	10	425	475				82.5	1032	720	2392															
ct169-598-21	228992	1	2022-12-11T18:00:00Z	2022-12-12T00:00:00Z		25.5	22.2	52.3	10	400	475				132.5	480	120	744															
ct169-598-21	228992	2	2022-12-15T18:00:00Z	2022-12-16T00:00:00Z		23.9	20.6	55.5	10	400	475				122.5	464	120	712															
ct169-598-21	228992	2	2022-12-16T00:00:00Z	2022-12-16T06:00:00Z		22.3	28.5	49.2	10	450	500				40	552	300	1512															
ct169-598-21	228992	2	2022-12-16T06:00:00Z	2022-12-16T12:00:00Z		22.3	58.7	19	12	390	525				132.5	1000	600	1752															
ct169-598-21	228992	1	2022-12-16T12:00:00Z	2022-12-16T18:00:00Z		17.5	61.9	20.6	10	370	525				142.5	1224	900	2712															
ct169-598-21	228992	1	2022-12-16T18:00:00Z	2022-12-17T00:00:00Z		20.7	22.2	57.1	8	450	475				25	520	180	1000															
ct169-598-21	228992	1	2022-12-17T00:00:00Z	2022-12-17T06:00:00Z		24	25.3	50.7	10	475	500				5	448	0	480															
ct169-598-21	228992	5	2022-12-18T00:00:00Z	2022-12-18T06:00:00Z		25.5	23.8	50.7	12	450	525				132.5	400	60	480															
ct169-598-21	228992	5	2022-12-18T06:00:00Z	2022-12-18T12:00:00Z		31.9	39.6	28.5	14	400	525				162.5	584	420	1480															
ct169-598-21	228992	5	2022-12-18T12:00:00Z	2022-12-18T18:00:00Z		16	66.6	17.4	12	400	525				92.5	1224	720	2392															
ct169-598-21	228992	1	2022-12-22T12:00:00Z	2022-12-22T18:00:00Z		22.4	50.7	26.9	12	425	500				92.5	936	660	2200															
ct169-598-21	228992	1	2022-12-22T18:00:00Z	2022-12-23T00:00:00Z		20.7	19	60.3	8	425	450				20	520	60	648															
ct169-598-21	228992	1	2022-12-23T00:00:00Z	2022-12-23T06:00:00Z		23.9	20.6	55.5	10	450	475				10	416	0	496															
ct169-598-21	228992	1	2022-12-23T06:00:00Z	2022-12-23T12:00:00Z		23.9	53.9	22.2	12	400	500				122.5	904	600	1752															
ct169-598-21	228992	1	2022-12-23T12:00:00Z	2022-12-23T18:00:00Z		19.2	50.7	30.1	10	390	475				102.5	1000	780	2520															
ct169-598-21	228992	1	2022-12-23T18:00:00Z	2022-12-24T00:00:00Z		23.9	23.8	52.3	10	330	450				162.5	520	240	808															
ct169-598-21	228992	2	2022-12-24T00:00:00Z	2022-12-24T06:00:00Z		19.2	17.4	63.4	10	425	475				122.5	368	60	416															
ct169-598-21	228992	2	2022-12-24T06:00:00Z	2022-12-24T12:00:00Z		20.7	33.3	46	10	450	475				45	616	420	1624															
ct169-598-21	228992	2	2022-12-24T12:00:00Z	2022-12-24T18:00:00Z		23.9	39.6	36.5	12	400	475				122.5	744	660	2328															
ct169-598-21	228992	2	2022-12-30T18:00:00Z	2022-12-31T00:00:00Z		25.5	25.3	49.2	8	425	450				30	616	180	904															
ct169-598-21	228992	2	2022-12-31T00:00:00Z	2022-12-31T06:00:00Z		31.8	23.8	44.4	12	425	475				122.5	432	120	648															
ct169-598-21	228992	2	2022-12-31T06:00:00Z	2022-12-31T12:00:00Z		50.9	31.7	17.4	16	370	500				172.5	448	180	648															
ct169-598-21	228992	3	2023-01-02T00:00:00Z	2023-01-02T06:00:00Z		27.1	22.2	50.7	10	450	500				15	432	0	496															
ct169-598-21	228992	3	2023-01-02T06:00:00Z	2023-01-02T12:00:00Z		27.1	26.9	46	12	450	475				10	448	0	480															
ct169-598-21	228992	3	2023-01-02T12:00:00Z	2023-01-02T18:00:00Z		25.5	44.4	30.1	12	400	475				82.5	872	600	2136															
ct169-598-21	228992	1	2023-01-02T18:00:00Z	2023-01-03T00:00:00Z		22.3	19	58.7	10	400	450				132.5	384	120	464															
ct169-598-21	228992	1	2023-01-03T00:00:00Z	2023-01-03T06:00:00Z		27.1	20.6	52.3	12	450	475				10	432	0	480															
ct169-598-21	228992	1	2023-01-03T06:00:00Z	2023-01-03T12:00:00Z		25.5	25.3	49.2	10	450	475				10	448	0	520															
ct169-598-21	228992	3	2023-01-05T18:00:00Z	2023-01-06T00:00:00Z		19.1	22.2	58.7	8	450	475				20	584	180	1160															
ct169-598-21	228992	3	2023-01-06T00:00:00Z	2023-01-06T06:00:00Z		28.7	28.5	42.8	14	330	475				202.5	416	240	936															
ct169-598-21	228992	3	2023-01-06T06:00:00Z	2023-01-06T12:00:00Z		31.9	66.6	1.5	18	280	450				202.5	776	660	1816															
ct169-598-21	228992	6	2023-01-08T00:00:00Z	2023-01-08T06:00:00Z		28.7	28.5	42.8	10	425	475				132.5	552	120	968															
ct169-598-21	228992	6	2023-01-08T06:00:00Z	2023-01-08T12:00:00Z		41.4	30.1	28.5	14	360	500				182.5	480	240	776															
ct169-598-21	228992	6	2023-01-08T12:00:00Z	2023-01-08T18:00:00Z		23.9	53.9	22.2	10	380	475				92.5	1096	660	2264															
ct169-598-21	228992	2	2023-01-08T18:00:00Z	2023-01-09T00:00:00Z		25.5	28.5	46	8	425	450				20	808	180	1288															
ct169-598-21	228992	2	2023-01-09T00:00:00Z	2023-01-09T06:00:00Z		30.3	28.5	41.2	10	475	525				15	552	60	840															
ct169-598-21	228992	2	2023-01-09T06:00:00Z	2023-01-09T12:00:00Z		33.5	28.5	38	12	425	500				122.5	448	120	616															
ct169-598-21	228992	5	2023-01-09T12:00:00Z	2023-01-09T18:00:00Z		35	36.5	28.5	14	350	475				172.5	616	540	2264															
ct169-598-21	228992	5	2023-01-09T18:00:00Z	2023-01-10T00:00:00Z		23.9	23.8	52.3	8	475	475				20	584	240	1448															
ct169-598-21	228992	5	2023-01-10T00:00:00Z	2023-01-10T06:00:00Z		39.8	28.5	31.7	16	300	475				222.5	384	240	744															
ct169-598-21	228992	3	2023-01-10T06:00:00Z	2023-01-10T12:00:00Z		30.2	69.8	0	14	320	475				192.5	1032	660	2072															
ct169-598-21	228992	3	2023-01-10T12:00:00Z	2023-01-10T18:00:00Z		25.5	71.4	3.1	14	310	450				192.5	1032	780	2392															
ct169-598-21	228992	3	2023-01-10T18:00:00Z	2023-01-11T00:00:00Z		36.6	31.7	31.7	10	400	475				122.5	872	420	1944															
ct169-598-21	228992	4	2023-01-12T12:00:00Z	2023-01-12T18:00:00Z		16	65	19	10	360	500				102.5	1480	660	2072															
ct169-598-21	228992	4	2023-01-12T18:00:00Z	2023-01-13T00:00:00Z		25.5	41.2	33.3	8	450	500				55	1000	540	2328															
ct169-598-21	228992	4	2023-01-13T00:00:00Z	2023-01-13T06:00:00Z		38.2	39.6	22.2	12	425	525				152.5	712	360	1880															
ct169-598-21	228992	8	2023-01-13T06:00:00Z	2023-01-13T12:00:00Z		23.9	73	3.1	12	320	500				172.5	1192	660	2072															
ct169-598-21	228992	8	2023-01-13T12:00:00Z	2023-01-13T18:00:00Z		25.5	60.3	14.2	12	370	500				152.5	1160	600	1944															
ct169-598-21	228992	8	2023-01-13T18:00:00Z	2023-01-14T00:00:00Z		20.7	47.6	31.7	10	450	500				45	1128	720	2264															
ct169-598-21	228992	3	2023-01-14T00:00:00Z	2023-01-14T06:00:00Z		44.6	39.6	15.8	12	360	500				202.5	552	300	1000															
ct169-598-21	228992	3	2023-01-14T06:00:00Z	2023-01-14T12:00:00Z		33.4	61.9	4.7	10	425	475				82.5	1320	480	2008															
ct169-598-21	228992	3	2023-01-14T12:00:00Z	2023-01-14T18:00:00Z		33.4	66.6	0	14	270	475				162.5	1096	660	2008															
ct169-598-21	228992	8	2023-01-16T06:00:00Z	2023-01-16T12:00:00Z		11.2	88.8	0	14	350	450				82.5	1448	60	1624															
ct169-598-21	228992	8	2023-01-16T12:00:00Z	2023-01-16T18:00:00Z		17.5	82.5	0	10	400	450				60	1512	240	1944															
ct169-598-21	228992	8	2023-01-16T18:00:00Z	2023-01-17T00:00:00Z		36.6	61.9	1.5	12	370	475				142.5	1096	600	1944															
ct169-598-21	228992	6	2023-01-17T00:00:00Z	2023-01-17T06:00:00Z		8	92	0	10	360	475				55	1816	240	2520															
ct169-598-21	228992	6	2023-01-17T06:00:00Z	2023-01-17T12:00:00Z		9.6	90.4	0	12	330	400				40	1512	120	1688															
ct169-598-21	228992	6	2023-01-17T12:00:00Z	2023-01-17T18:00:00Z		9.6	90.4	0	12	330	390				40	1416	120	1688															
ct169-598-21	228992	7	2023-01-17T18:00:00Z	2023-01-18T00:00:00Z		9.6	90.4	0	16	260	425				152.5	1256	420	1816															
ct169-598-21	228992	7	2023-01-18T00:00:00Z	2023-01-18T06:00:00Z		9.6	90.4	0	14	110	130				5	1256	120	1688															
ct169-598-21	228992	7	2023-01-18T06:00:00Z	2023-01-18T12:00:00Z		11.2	88.8	0	14	280	360				75	1448	60	1688															
ct169-598-21	228992	8	2023-01-18T12:00:00Z	2023-01-18T18:00:00Z		9.6	90.4	0	10	330	450				40	1688	120	2008															
ct169-598-21	228992	8	2023-01-18T18:00:00Z	2023-01-19T00:00:00Z		9.6	90.4	0	10	360	475				55	2008	360	2968															
ct169-598-21	228992	8	2023-01-19T00:00:00Z	2023-01-19T06:00:00Z		8	92	0	12	270	360				40	1624	240	2200															
ct169-598-21	228992	13	2023-01-19T06:00:00Z	2023-01-19T12:00:00Z		9.6	90.4	0	12	230	350				92.5	1688	60	1944															
ct169-598-21	228992	13	2023-01-19T12:00:00Z	2023-01-19T18:00:00Z		16	71.4	12.6	20	60	115				40	808	480	1560															
ct169-598-21	228992	13	2023-01-19T18:00:00Z	2023-01-20T00:00:00Z		0	0	100	0	0	0				0	0	0	0															
ct169-598-21	228992	11	2023-01-20T00:00:00Z	2023-01-20T06:00:00Z		0	0	100	0	0	0				0	0	0	0															
ct169-598-21	228992	11	2023-01-20T06:00:00Z	2023-01-20T12:00:00Z		0	0	100	0	0	0				0	0	0	0															
ct169-598-21	228992	11	2023-01-20T12:00:00Z	2023-01-20T18:00:00Z		0	0	100	0	0	0				0	0	0	0															
ct169-598-21	228992	23	2023-01-20T18:00:00Z	2023-01-21T00:00:00Z		0	0	100	0	0	0				0	0	0	0															
ct169-598-21	228992	23	2023-01-21T00:00:00Z	2023-01-21T06:00:00Z		0	0	100	0	0	0				0	0	0	0															
ct169-598-21	228992	23	2023-01-21T06:00:00Z	2023-01-21T12:00:00Z		0	0	100	0	0	0				0	0	0	0															
ct169-598-21	228992	30	2023-01-21T12:00:00Z	2023-01-21T18:00:00Z		0	0	100	0	0	0				0	0	0	0															
ct169-598-21	228992	30	2023-01-21T18:00:00Z	2023-01-22T00:00:00Z		0	0	100	0	0	0				0	0	0	0															
ct169-598-21	228992	30	2023-01-22T00:00:00Z	2023-01-22T06:00:00Z		0	0	100	0	0	0				0	0	0	0															
ct169-598-21	228992	9	2023-01-22T06:00:00Z	2023-01-22T12:00:00Z		0	0	100	0	0	0				0	0	0	0															
ct169-598-21	228992	9	2023-01-22T12:00:00Z	2023-01-22T18:00:00Z		0	0	100	0	0	0				0	0	0	0															
ct169-598-21	228992	9	2023-01-22T18:00:00Z	2023-01-23T00:00:00Z		0	0	100	0	0	0				0	0	0	0															
ct169-598-21	228992	18	2023-01-23T00:00:00Z	2023-01-23T06:00:00Z		0	0	100	0	0	0				0	0	0	0															
ct169-598-21	228992	18	2023-01-23T06:00:00Z	2023-01-23T12:00:00Z		0	0	100	0	0	0				0	0	0	0															
ct169-598-21	228992	18	2023-01-23T12:00:00Z	2023-01-23T18:00:00Z		0	0	100	0	0	0				0	0	0	0															
ct169-598-21	228992	27	2023-01-23T18:00:00Z	2023-01-24T00:00:00Z		0	0	100	0	0	0				0	0	0	0															
ct169-598-21	228992	27	2023-01-24T00:00:00Z	2023-01-24T06:00:00Z		0	0	100	0	0	0				0	0	0	0															
ct169-598-21	228992	27	2023-01-24T06:00:00Z	2023-01-24T12:00:00Z		0	0	100	0	0	0				0	0	0	0															
ct169-598-21	228992	11	2023-01-24T12:00:00Z	2023-01-24T18:00:00Z		0	0	100	0	0	0				0	0	0	0															
ct169-598-21	228992	11	2023-01-24T18:00:00Z	2023-01-25T00:00:00Z		0	0	100	0	0	0				0	0	0	0															
ct169-598-21	228992	11	2023-01-25T00:00:00Z	2023-01-25T06:00:00Z		0	0	100	0	0	0				0	0	0	0															
ct169-598-21	228992	16	2023-01-25T06:00:00Z	2023-01-25T12:00:00Z		0	0	100	0	0	0				0	0	0	0															
ct169-598-21	228992	16	2023-01-25T12:00:00Z	2023-01-25T18:00:00Z		0	0	100	0	0	0				0	0	0	0															
ct169-598-21	228992	16	2023-01-25T18:00:00Z	2023-01-26T00:00:00Z		0	0	100	0	0	0				0	0	0	0															
ct169-598-21	228992	13	2023-01-26T00:00:00Z	2023-01-26T06:00:00Z		0	0	100	0	0	0				0	0	0	0															
ct169-598-21	228992	13	2023-01-26T06:00:00Z	2023-01-26T12:00:00Z		0	0	100	0	0	0				0	0	0	0															
ct169-598-21	228992	13	2023-01-26T12:00:00Z	2023-01-26T18:00:00Z		0	0	100	0	0	0				0	0	0	0															
ct169-598-21	228992	6	2023-01-26T18:00:00Z	2023-01-27T00:00:00Z		0	0	100	0	0	0				0	0	0	0															
ct169-598-21	228992	6	2023-01-27T00:00:00Z	2023-01-27T06:00:00Z		0	0	100	0	0	0				0	0	0	0															
ct169-598-21	228992	6	2023-01-27T06:00:00Z	2023-01-27T12:00:00Z		0	0	100	0	0	0				0	0	0	0															
