REF	PTT	CNT	S_DATE	E_DATE	DIV_DIST	SURF_TM	DIVE_TM	HAUL_TM	N_CYCLES	AV_DEPTH	MAX_DEPTH	CRUISE_TM	AVG_SST	AVG_SPEED	SD_DEPTH	AV_DUR	SD_DUR	MAX_DUR	DP_N_CYCLES	DP_AV_DEPTH	DP_MAX_DEPTH	DP_AVG_SPEED	DP_SD_DEPTH	DP_AV_DUR	DP_SD_DUR	DP_MAX_DUR	DP_DIVE_TM	AV_SURF_DUR	SD_SURF_DUR	MAX_SURF_DUR	DP_AV_SURF_DUR	DP_SD_SURF_DUR	DP_MAX_SURF_DUR
ct169-597-21	228991	10	2022-05-20T18:00:00Z	2022-05-21T00:00:00Z		1.6	0	98.4	0	0	0				0	0	0	0															
ct169-597-21	228991	10	2022-05-21T00:00:00Z	2022-05-21T06:00:00Z		0	0	100	0	0	0				0	0	0	0															
ct169-597-21	228991	10	2022-05-21T06:00:00Z	2022-05-21T12:00:00Z		0	0	100	0	0	0				0	0	0	0															
ct169-597-21	228991	3	2022-05-21T12:00:00Z	2022-05-21T18:00:00Z		0	0	100	0	0	0				0	0	0	0															
ct169-597-21	228991	3	2022-05-21T18:00:00Z	2022-05-22T00:00:00Z		0	0	100	0	0	0				0	0	0	0															
ct169-597-21	228991	3	2022-05-22T00:00:00Z	2022-05-22T06:00:00Z		0	0	100	0	0	0				0	0	0	0															
ct169-597-21	228991	5	2022-05-22T06:00:00Z	2022-05-22T12:00:00Z		0	0	100	0	0	0				0	0	0	0															
ct169-597-21	228991	5	2022-05-22T12:00:00Z	2022-05-22T18:00:00Z		0	0	100	0	0	0				0	0	0	0															
ct169-597-21	228991	5	2022-05-22T18:00:00Z	2022-05-23T00:00:00Z		0	0	100	0	0	0				0	0	0	0															
ct169-597-21	228991	66	2022-05-29T06:00:00Z	2022-05-29T12:00:00Z		100	0	0	0	0	0				0	0	0	0															
ct169-597-21	228991	66	2022-05-29T12:00:00Z	2022-05-29T18:00:00Z		71.5	0	28.5	0	0	0				0	0	0	0															
ct169-597-21	228991	66	2022-05-29T18:00:00Z	2022-05-30T00:00:00Z		0	0	100	0	0	0				0	0	0	0															
ct169-597-21	228991	25	2022-05-30T00:00:00Z	2022-05-30T06:00:00Z		30.2	0	69.8	0	0	0				0	0	0	0															
ct169-597-21	228991	25	2022-05-30T06:00:00Z	2022-05-30T12:00:00Z		96.9	0	3.1	0	0	0				0	0	0	0															
ct169-597-21	228991	25	2022-05-30T12:00:00Z	2022-05-30T18:00:00Z		38.1	0	61.9	0	0	0				0	0	0	0															
ct169-597-21	228991	20	2022-05-30T18:00:00Z	2022-05-31T00:00:00Z		0	0	100	0	0	0				0	0	0	0															
ct169-597-21	228991	20	2022-05-31T00:00:00Z	2022-05-31T06:00:00Z		0	0	100	0	0	0				0	0	0	0															
ct169-597-21	228991	20	2022-05-31T06:00:00Z	2022-05-31T12:00:00Z		36.6	0	63.4	0	0	0				0	0	0	0															
ct169-597-21	228991	15	2022-05-31T12:00:00Z	2022-05-31T18:00:00Z		66.7	0	33.3	0	0	0				0	0	0	0															
ct169-597-21	228991	15	2022-05-31T18:00:00Z	2022-06-01T00:00:00Z		0	0	100	0	0	0				0	0	0	0															
ct169-597-21	228991	15	2022-06-01T00:00:00Z	2022-06-01T06:00:00Z		0	0	100	0	0	0				0	0	0	0															
ct169-597-21	228991	12	2022-06-01T06:00:00Z	2022-06-01T12:00:00Z		74.7	0	25.3	0	0	0				0	0	0	0															
ct169-597-21	228991	12	2022-06-01T12:00:00Z	2022-06-01T18:00:00Z		63.5	0	36.5	0	0	0				0	0	0	0															
ct169-597-21	228991	12	2022-06-01T18:00:00Z	2022-06-02T00:00:00Z		0	0	100	0	0	0				0	0	0	0															
ct169-597-21	228991	15	2022-06-02T00:00:00Z	2022-06-02T06:00:00Z		0	0	100	0	0	0				0	0	0	0															
ct169-597-21	228991	15	2022-06-02T06:00:00Z	2022-06-02T12:00:00Z		0	0	100	0	0	0				0	0	0	0															
ct169-597-21	228991	15	2022-06-02T12:00:00Z	2022-06-02T18:00:00Z		0	0	100	0	0	0				0	0	0	0															
ct169-597-21	228991	9	2022-06-02T18:00:00Z	2022-06-03T00:00:00Z		0	0	100	0	0	0				0	0	0	0															
ct169-597-21	228991	9	2022-06-03T00:00:00Z	2022-06-03T06:00:00Z		0	0	100	0	0	0				0	0	0	0															
ct169-597-21	228991	9	2022-06-03T06:00:00Z	2022-06-03T12:00:00Z		73.1	0	26.9	0	0	0				0	0	0	0															
ct169-597-21	228991	6	2022-06-03T12:00:00Z	2022-06-03T18:00:00Z		62	0	38	0	0	0				0	0	0	0															
ct169-597-21	228991	6	2022-06-03T18:00:00Z	2022-06-04T00:00:00Z		1.6	0	98.4	0	0	0				0	0	0	0															
ct169-597-21	228991	6	2022-06-04T00:00:00Z	2022-06-04T06:00:00Z		0	0	100	0	0	0				0	0	0	0															
ct169-597-21	228991	16	2022-06-04T06:00:00Z	2022-06-04T12:00:00Z		84.2	0	15.8	0	0	0				0	0	0	0															
ct169-597-21	228991	16	2022-06-04T12:00:00Z	2022-06-04T18:00:00Z		22.3	0	77.7	0	0	0				0	0	0	0															
ct169-597-21	228991	16	2022-06-04T18:00:00Z	2022-06-05T00:00:00Z		8	0	92	0	0	0				0	0	0	0															
ct169-597-21	228991	37	2022-06-05T00:00:00Z	2022-06-05T06:00:00Z		0	0	100	0	0	0				0	0	0	0															
ct169-597-21	228991	37	2022-06-05T06:00:00Z	2022-06-05T12:00:00Z		30.2	0	69.8	0	0	0				0	0	0	0															
ct169-597-21	228991	37	2022-06-05T12:00:00Z	2022-06-05T18:00:00Z		90.5	0	9.5	0	0	0				0	0	0	0															
ct169-597-21	228991	16	2022-06-05T18:00:00Z	2022-06-06T00:00:00Z		9.6	0	90.4	0	0	0				0	0	0	0															
ct169-597-21	228991	16	2022-06-06T00:00:00Z	2022-06-06T06:00:00Z		0	0	100	0	0	0				0	0	0	0															
ct169-597-21	228991	16	2022-06-06T06:00:00Z	2022-06-06T12:00:00Z		0	0	100	0	0	0				0	0	0	0															
ct169-597-21	228991	10	2022-06-06T12:00:00Z	2022-06-06T18:00:00Z		8	0	92	0	0	0				0	0	0	0															
ct169-597-21	228991	10	2022-06-06T18:00:00Z	2022-06-07T00:00:00Z		28.6	0	71.4	0	0	0				0	0	0	0															
ct169-597-21	228991	10	2022-06-07T00:00:00Z	2022-06-07T06:00:00Z		0	0	100	0	0	0				0	0	0	0															
ct169-597-21	228991	23	2022-06-07T06:00:00Z	2022-06-07T12:00:00Z		35	0	65	0	5	5				0	48	0	48															
ct169-597-21	228991	23	2022-06-07T12:00:00Z	2022-06-07T18:00:00Z		96.9	0	3.1	0	0	0				0	0	0	0															
ct169-597-21	228991	23	2022-06-07T18:00:00Z	2022-06-08T00:00:00Z		11.2	0	88.8	0	0	0				0	0	0	0															
ct169-597-21	228991	9	2022-06-08T00:00:00Z	2022-06-08T06:00:00Z		0	0	100	0	0	0				0	0	0	0															
ct169-597-21	228991	9	2022-06-08T06:00:00Z	2022-06-08T12:00:00Z		0	0	100	0	0	0				0	0	0	0															
ct169-597-21	228991	9	2022-06-08T12:00:00Z	2022-06-08T18:00:00Z		0	0	100	0	0	0				0	0	0	0															
ct169-597-21	228991	39	2022-06-10T06:00:00Z	2022-06-10T12:00:00Z		11.2	88.8	0	18	225	500				75	1000	60	1192															
ct169-597-21	228991	39	2022-06-10T12:00:00Z	2022-06-10T18:00:00Z		9.6	90.4	0	18	450	525				92.5	1096	60	1256															
ct169-597-21	228991	39	2022-06-10T18:00:00Z	2022-06-11T00:00:00Z		11.2	88.8	0	18	450	600				82.5	1096	60	1256															
ct169-597-21	228991	24	2022-06-11T00:00:00Z	2022-06-11T06:00:00Z		11.2	88.8	0	20	340	525				92.5	904	60	1096															
ct169-597-21	228991	24	2022-06-11T06:00:00Z	2022-06-11T12:00:00Z		11.2	88.8	0	18	165	260				35	968	120	1256															
ct169-597-21	228991	24	2022-06-11T12:00:00Z	2022-06-11T18:00:00Z		12.7	87.3	0	16	425	525				112.5	1128	60	1384															
ct169-597-21	228991	10	2022-06-11T18:00:00Z	2022-06-12T00:00:00Z		14.3	85.7	0	16	340	525				112.5	1096	120	1624															
ct169-597-21	228991	10	2022-06-12T00:00:00Z	2022-06-12T06:00:00Z		11.2	88.8	0	18	380	500				122.5	1000	60	1256															
ct169-597-21	228991	10	2022-06-12T06:00:00Z	2022-06-12T12:00:00Z		9.6	90.4	0	18	205	230				15	1096	60	1320															
ct169-597-21	228991	27	2022-06-12T12:00:00Z	2022-06-12T18:00:00Z		9.6	90.4	0	16	475	575				112.5	1128	0	1256															
ct169-597-21	228991	27	2022-06-12T18:00:00Z	2022-06-13T00:00:00Z		11.2	88.8	0	22	340	600				122.5	840	180	1096															
ct169-597-21	228991	27	2022-06-13T00:00:00Z	2022-06-13T06:00:00Z		11.2	88.8	0	20	425	550				112.5	904	120	1096															
ct169-597-21	228991	5	2022-06-14T00:00:00Z	2022-06-14T06:00:00Z		11.2	88.8	0	20	400	550				82.5	968	0	1096															
ct169-597-21	228991	5	2022-06-14T06:00:00Z	2022-06-14T12:00:00Z		9.6	90.4	0	20	400	525				92.5	968	180	1416															
ct169-597-21	228991	5	2022-06-14T12:00:00Z	2022-06-14T18:00:00Z		11.2	88.8	0	18	575	725				65	1064	0	1160															
ct169-597-21	228991	6	2022-06-14T18:00:00Z	2022-06-15T00:00:00Z		11.2	88.8	0	18	550	625				60	1096	60	1224															
ct169-597-21	228991	6	2022-06-15T00:00:00Z	2022-06-15T06:00:00Z		9.6	90.4	0	18	550	600				30	1000	60	1096															
ct169-597-21	228991	6	2022-06-15T06:00:00Z	2022-06-15T12:00:00Z		9.6	90.4	0	20	425	550				102.5	936	120	1448															
ct169-597-21	228991	2	2022-06-16T06:00:00Z	2022-06-16T12:00:00Z		11.2	88.8	0	20	360	550				132.5	968	120	1448															
ct169-597-21	228991	2	2022-06-16T12:00:00Z	2022-06-16T18:00:00Z		9.6	90.4	0	16	450	600				82.5	1160	180	1752															
ct169-597-21	228991	2	2022-06-16T18:00:00Z	2022-06-17T00:00:00Z		11.2	88.8	0	16	550	675				60	1160	120	1688															
ct169-597-21	228991	6	2022-06-17T00:00:00Z	2022-06-17T06:00:00Z		12.7	87.3	0	20	500	600				102.5	968	120	1192															
ct169-597-21	228991	6	2022-06-17T06:00:00Z	2022-06-17T12:00:00Z		11.2	88.8	0	20	320	500				122.5	936	60	1096															
ct169-597-21	228991	6	2022-06-17T12:00:00Z	2022-06-17T18:00:00Z		11.2	88.8	0	16	500	625				112.5	1160	120	1624															
ct169-597-21	228991	1	2022-06-17T18:00:00Z	2022-06-18T00:00:00Z		11.2	88.8	0	18	600	650				82.5	1064	60	1160															
ct169-597-21	228991	1	2022-06-18T00:00:00Z	2022-06-18T06:00:00Z		12.7	87.3	0	20	525	650				82.5	968	60	1128															
ct169-597-21	228991	1	2022-06-18T06:00:00Z	2022-06-18T12:00:00Z		12.7	87.3	0	22	380	500				82.5	840	120	1160															
ct169-597-21	228991	1	2022-06-18T12:00:00Z	2022-06-18T18:00:00Z		11.2	88.8	0	18	525	625				82.5	1000	60	1384															
ct169-597-21	228991	1	2022-06-18T18:00:00Z	2022-06-19T00:00:00Z		11.2	88.8	0	14	525	600				92.5	1256	180	1624															
ct169-597-21	228991	1	2022-06-19T00:00:00Z	2022-06-19T06:00:00Z		12.7	87.3	0	20	525	650				60	904	60	1128															
ct169-597-21	228991	1	2022-06-20T18:00:00Z	2022-06-21T00:00:00Z		11.2	88.8	0	20	550	900				162.5	968	60	1128															
ct169-597-21	228991	1	2022-06-21T00:00:00Z	2022-06-21T06:00:00Z		11.2	88.8	0	20	525	625				70	904	60	1064															
ct169-597-21	228991	1	2022-06-21T06:00:00Z	2022-06-21T12:00:00Z		12.7	87.3	0	22	425	475				65	808	60	968															
ct169-597-21	228991	1	2022-06-21T12:00:00Z	2022-06-21T18:00:00Z		11.2	88.8	0	18	500	625				102.5	1064	60	1256															
ct169-597-21	228991	1	2022-06-21T18:00:00Z	2022-06-22T00:00:00Z		11.2	88.8	0	20	450	625				65	1000	60	1096															
ct169-597-21	228991	1	2022-06-22T00:00:00Z	2022-06-22T06:00:00Z		12.7	87.3	0	20	500	600				82.5	904	60	1064															
ct169-597-21	228991	4	2022-06-22T06:00:00Z	2022-06-22T12:00:00Z		12.7	87.3	0	22	425	550				92.5	840	120	1192															
ct169-597-21	228991	4	2022-06-22T12:00:00Z	2022-06-22T18:00:00Z		11.2	88.8	0	18	525	900				122.5	1064	60	1320															
ct169-597-21	228991	4	2022-06-22T18:00:00Z	2022-06-23T00:00:00Z		11.2	88.8	0	18	500	650				65	1064	0	1192															
ct169-597-21	228991	2	2022-06-23T00:00:00Z	2022-06-23T06:00:00Z		12.7	87.3	0	24	350	500				75	776	60	968															
ct169-597-21	228991	2	2022-06-23T06:00:00Z	2022-06-23T12:00:00Z		11.2	88.8	0	22	290	400				50	808	120	1288															
ct169-597-21	228991	2	2022-06-23T12:00:00Z	2022-06-23T18:00:00Z		11.2	88.8	0	18	550	650				112.5	1096	60	1448															
ct169-597-21	228991	15	2022-06-23T18:00:00Z	2022-06-24T00:00:00Z		11.2	88.8	0	16	600	950				132.5	1192	180	1688															
ct169-597-21	228991	15	2022-06-24T00:00:00Z	2022-06-24T06:00:00Z		11.2	88.8	0	20	550	775				82.5	968	60	1064															
ct169-597-21	228991	15	2022-06-24T06:00:00Z	2022-06-24T12:00:00Z		11.2	88.8	0	22	370	475				82.5	808	60	936															
ct169-597-21	228991	12	2022-06-25T06:00:00Z	2022-06-25T12:00:00Z		12.7	87.3	0	20	475	575				102.5	904	60	1096															
ct169-597-21	228991	12	2022-06-25T12:00:00Z	2022-06-25T18:00:00Z		9.6	90.4	0	18	500	600				82.5	1064	0	1160															
ct169-597-21	228991	12	2022-06-25T18:00:00Z	2022-06-26T00:00:00Z		9.6	90.4	0	18	500	600				92.5	1096	60	1320															
ct169-597-21	228991	9	2022-06-26T00:00:00Z	2022-06-26T06:00:00Z		11.2	88.8	0	20	450	600				82.5	904	120	1224															
ct169-597-21	228991	9	2022-06-26T06:00:00Z	2022-06-26T12:00:00Z		11.2	88.8	0	20	390	650				112.5	936	120	1448															
ct169-597-21	228991	9	2022-06-26T12:00:00Z	2022-06-26T18:00:00Z		11.2	88.8	0	20	360	550				102.5	968	180	1320															
ct169-597-21	228991	6	2022-06-26T18:00:00Z	2022-06-27T00:00:00Z		11.2	88.8	0	18	525	625				122.5	1032	120	1192															
ct169-597-21	228991	6	2022-06-27T00:00:00Z	2022-06-27T06:00:00Z		12.7	87.3	0	20	525	625				55	936	60	1128															
ct169-597-21	228991	6	2022-06-27T06:00:00Z	2022-06-27T12:00:00Z		12.7	87.3	0	18	425	550				112.5	1000	120	1352															
ct169-597-21	228991	6	2022-06-28T06:00:00Z	2022-06-28T12:00:00Z		14.3	85.7	0	22	350	525				82.5	840	60	1000															
ct169-597-21	228991	6	2022-06-28T12:00:00Z	2022-06-28T18:00:00Z		12.7	87.3	0	18	450	875				162.5	1064	60	1224															
ct169-597-21	228991	6	2022-06-28T18:00:00Z	2022-06-29T00:00:00Z		11.2	88.8	0	16	550	675				122.5	1192	60	1384															
ct169-597-21	228991	7	2022-06-29T00:00:00Z	2022-06-29T06:00:00Z		11.2	88.8	0	18	525	625				60	1000	60	1192															
ct169-597-21	228991	7	2022-06-29T06:00:00Z	2022-06-29T12:00:00Z		14.3	85.7	0	22	500	700				50	872	60	1064															
ct169-597-21	228991	7	2022-06-29T12:00:00Z	2022-06-29T18:00:00Z		11.2	88.8	0	18	500	575				40	968	60	1128															
ct169-597-21	228991	4	2022-06-29T18:00:00Z	2022-06-30T00:00:00Z		9.6	90.4	0	16	400	575				102.5	1096	60	1256															
ct169-597-21	228991	4	2022-06-30T00:00:00Z	2022-06-30T06:00:00Z		11.2	88.8	0	20	425	575				112.5	936	120	1192															
ct169-597-21	228991	4	2022-06-30T06:00:00Z	2022-06-30T12:00:00Z		12.7	87.3	0	22	380	600				172.5	808	60	968															
ct169-597-21	228991	7	2022-07-01T06:00:00Z	2022-07-01T12:00:00Z		14.3	85.7	0	24	340	525				102.5	808	120	1256															
ct169-597-21	228991	7	2022-07-01T12:00:00Z	2022-07-01T18:00:00Z		11.2	88.8	0	18	525	625				70	1064	120	1512															
ct169-597-21	228991	7	2022-07-01T18:00:00Z	2022-07-02T00:00:00Z		11.2	88.8	0	16	500	600				92.5	1096	120	1352															
ct169-597-21	228991	6	2022-07-02T00:00:00Z	2022-07-02T06:00:00Z		11.2	88.8	0	20	475	600				92.5	968	60	1160															
ct169-597-21	228991	6	2022-07-02T06:00:00Z	2022-07-02T12:00:00Z		12.7	87.3	0	22	360	475				75	840	0	936															
ct169-597-21	228991	6	2022-07-02T12:00:00Z	2022-07-02T18:00:00Z		11.2	88.8	0	18	525	750				102.5	968	60	1128															
ct169-597-21	228991	5	2022-07-02T18:00:00Z	2022-07-03T00:00:00Z		9.6	90.4	0	18	425	600				142.5	1064	240	1480															
ct169-597-21	228991	5	2022-07-03T00:00:00Z	2022-07-03T06:00:00Z		12.7	87.3	0	20	525	750				92.5	936	60	1160															
ct169-597-21	228991	5	2022-07-03T06:00:00Z	2022-07-03T12:00:00Z		4.8	23.8	71.4	6	370	450				75	744	0	808															
ct169-597-21	228991	6	2022-07-03T12:00:00Z	2022-07-03T18:00:00Z		11.3	76.1	12.6	12	475	575				92.5	1224	120	1448															
ct169-597-21	228991	6	2022-07-03T18:00:00Z	2022-07-04T00:00:00Z		11.2	88.8	0	18	425	1150				212.5	1096	300	2264															
ct169-597-21	228991	6	2022-07-04T00:00:00Z	2022-07-04T06:00:00Z		12.7	87.3	0	18	500	600				82.5	1032	120	1224															
ct169-597-21	228991	4	2022-07-04T06:00:00Z	2022-07-04T12:00:00Z		12.7	87.3	0	18	380	500				102.5	1000	180	1480															
ct169-597-21	228991	4	2022-07-04T12:00:00Z	2022-07-04T18:00:00Z		11.2	88.8	0	18	525	600				50	1064	0	1160															
ct169-597-21	228991	4	2022-07-04T18:00:00Z	2022-07-05T00:00:00Z		11.2	88.8	0	18	500	600				102.5	1064	60	1256															
ct169-597-21	228991	2	2022-07-05T00:00:00Z	2022-07-05T06:00:00Z		12.7	87.3	0	18	450	550				92.5	1000	60	1224															
ct169-597-21	228991	2	2022-07-05T06:00:00Z	2022-07-05T12:00:00Z		16	80.9	3.1	20	450	500				75	904	60	1192															
ct169-597-21	228991	2	2022-07-05T12:00:00Z	2022-07-05T18:00:00Z		8	57.1	34.9	8	500	700				102.5	1480	120	1688															
ct169-597-21	228991	7	2022-07-05T18:00:00Z	2022-07-06T00:00:00Z		11.2	88.8	0	16	575	650				15	1160	60	1352															
ct169-597-21	228991	7	2022-07-06T00:00:00Z	2022-07-06T06:00:00Z		12.7	87.3	0	18	500	650				82.5	1000	120	1192															
ct169-597-21	228991	7	2022-07-06T06:00:00Z	2022-07-06T12:00:00Z		14.3	85.7	0	20	425	500				82.5	904	120	1192															
ct169-597-21	228991	4	2022-07-06T12:00:00Z	2022-07-06T18:00:00Z		9.6	90.4	0	14	450	600				65	1256	240	1752															
ct169-597-21	228991	4	2022-07-06T18:00:00Z	2022-07-07T00:00:00Z		11.2	88.8	0	14	550	625				102.5	1288	120	1624															
ct169-597-21	228991	4	2022-07-07T00:00:00Z	2022-07-07T06:00:00Z		17.5	74.6	7.9	18	500	600				102.5	936	60	1160															
ct169-597-21	228991	3	2022-07-07T06:00:00Z	2022-07-07T12:00:00Z		8	47.6	44.4	6	370	390				10	1480	240	1816															
ct169-597-21	228991	3	2022-07-07T12:00:00Z	2022-07-07T18:00:00Z		12.7	87.3	0	16	500	800				122.5	1128	60	1320															
ct169-597-21	228991	3	2022-07-07T18:00:00Z	2022-07-08T00:00:00Z		14.3	85.7	0	16	525	850				132.5	1224	120	1560															
ct169-597-21	228991	11	2022-07-08T00:00:00Z	2022-07-08T06:00:00Z		14.3	85.7	0	16	525	600				40	1064	120	1320															
ct169-597-21	228991	11	2022-07-08T06:00:00Z	2022-07-08T12:00:00Z		17.5	82.5	0	20	450	500				60	872	0	1032															
ct169-597-21	228991	11	2022-07-08T12:00:00Z	2022-07-08T18:00:00Z		12.7	87.3	0	14	450	600				112.5	1256	180	1512															
ct169-597-21	228991	1	2022-07-09T12:00:00Z	2022-07-09T18:00:00Z		9.6	90.4	0	16	500	850				132.5	1256	120	1688															
ct169-597-21	228991	1	2022-07-09T18:00:00Z	2022-07-10T00:00:00Z		9.6	90.4	0	16	450	650				82.5	1160	60	1384															
ct169-597-21	228991	1	2022-07-10T00:00:00Z	2022-07-10T06:00:00Z		11.2	88.8	0	16	500	850				112.5	1096	60	1288															
ct169-597-21	228991	5	2022-07-10T06:00:00Z	2022-07-10T12:00:00Z		12.7	87.3	0	20	475	625				35	904	0	1000															
ct169-597-21	228991	5	2022-07-10T12:00:00Z	2022-07-10T18:00:00Z		11.2	88.8	0	18	525	600				55	1064	60	1224															
ct169-597-21	228991	5	2022-07-10T18:00:00Z	2022-07-11T00:00:00Z		9.6	90.4	0	16	500	625				82.5	1192	120	1384															
ct169-597-21	228991	12	2022-07-11T00:00:00Z	2022-07-11T06:00:00Z		9.6	90.4	0	16	525	625				55	1192	180	1752															
ct169-597-21	228991	12	2022-07-11T06:00:00Z	2022-07-11T12:00:00Z		11.2	88.8	0	18	450	575				82.5	968	60	1256															
ct169-597-21	228991	12	2022-07-11T12:00:00Z	2022-07-11T18:00:00Z		9.6	90.4	0	16	550	875				112.5	1192	60	1560															
ct169-597-21	228991	2	2022-07-11T18:00:00Z	2022-07-12T00:00:00Z		11.2	88.8	0	16	600	850				112.5	1128	60	1384															
ct169-597-21	228991	2	2022-07-12T00:00:00Z	2022-07-12T06:00:00Z		11.2	88.8	0	18	600	900				142.5	1032	60	1192															
ct169-597-21	228991	2	2022-07-12T06:00:00Z	2022-07-12T12:00:00Z		9.6	90.4	0	18	475	575				65	1000	60	1160															
ct169-597-21	228991	2	2022-07-12T12:00:00Z	2022-07-12T18:00:00Z		9.6	90.4	0	16	550	875				142.5	1128	60	1384															
ct169-597-21	228991	2	2022-07-12T18:00:00Z	2022-07-13T00:00:00Z		9.6	90.4	0	14	575	825				112.5	1320	120	1816															
ct169-597-21	228991	2	2022-07-13T00:00:00Z	2022-07-13T06:00:00Z		11.2	88.8	0	20	500	775				122.5	936	180	1160															
ct169-597-21	228991	6	2022-07-13T06:00:00Z	2022-07-13T12:00:00Z		11.2	88.8	0	18	500	950				162.5	1064	180	1448															
ct169-597-21	228991	6	2022-07-13T12:00:00Z	2022-07-13T18:00:00Z		9.6	90.4	0	18	525	600				65	1064	120	1256															
ct169-597-21	228991	6	2022-07-13T18:00:00Z	2022-07-14T00:00:00Z		11.2	88.8	0	16	450	500				40	1128	120	1512															
ct169-597-21	228991	4	2022-07-14T00:00:00Z	2022-07-14T06:00:00Z		11.2	88.8	0	18	575	925				122.5	1096	60	1320															
ct169-597-21	228991	4	2022-07-14T06:00:00Z	2022-07-14T12:00:00Z		11.2	88.8	0	20	450	525				55	936	60	1160															
ct169-597-21	228991	4	2022-07-14T12:00:00Z	2022-07-14T18:00:00Z		9.6	90.4	0	16	475	600				92.5	1192	60	1480															
ct169-597-21	228991	6	2022-07-14T18:00:00Z	2022-07-15T00:00:00Z		9.6	90.4	0	14	475	675				122.5	1288	120	1560															
ct169-597-21	228991	6	2022-07-15T00:00:00Z	2022-07-15T06:00:00Z		14.3	85.7	0	18	475	625				102.5	1032	120	1224															
ct169-597-21	228991	6	2022-07-15T06:00:00Z	2022-07-15T12:00:00Z		16	77.7	6.3	14	425	550				60	1192	180	1560															
ct169-597-21	228991	8	2022-07-15T12:00:00Z	2022-07-15T18:00:00Z		12.7	87.3	0	18	500	650				102.5	1096	60	1224															
ct169-597-21	228991	8	2022-07-15T18:00:00Z	2022-07-16T00:00:00Z		11.2	71.4	17.4	10	525	800				152.5	1384	300	2008															
ct169-597-21	228991	8	2022-07-16T00:00:00Z	2022-07-16T06:00:00Z		11.2	88.8	0	16	525	925				122.5	1128	120	1512															
ct169-597-21	228991	6	2022-07-16T06:00:00Z	2022-07-16T12:00:00Z		12.7	87.3	0	20	425	575				70	968	60	1128															
ct169-597-21	228991	6	2022-07-16T12:00:00Z	2022-07-16T18:00:00Z		11.2	88.8	0	18	550	825				122.5	1064	60	1320															
ct169-597-21	228991	6	2022-07-16T18:00:00Z	2022-07-17T00:00:00Z		11.2	88.8	0	16	650	850				75	1128	0	1192															
ct169-597-21	228991	2	2022-07-17T00:00:00Z	2022-07-17T06:00:00Z		11.2	88.8	0	18	525	825				122.5	1000	0	1096															
ct169-597-21	228991	2	2022-07-17T06:00:00Z	2022-07-17T12:00:00Z		11.2	88.8	0	18	500	775				112.5	1064	180	1688															
ct169-597-21	228991	2	2022-07-17T12:00:00Z	2022-07-17T18:00:00Z		11.2	88.8	0	18	575	1025				172.5	1096	60	1480															
ct169-597-21	228991	2	2022-07-19T06:00:00Z	2022-07-19T12:00:00Z		9.6	90.4	0	18	400	525				82.5	1096	120	1352															
ct169-597-21	228991	2	2022-07-19T12:00:00Z	2022-07-19T18:00:00Z		9.6	90.4	0	16	475	600				82.5	1096	120	1352															
ct169-597-21	228991	2	2022-07-19T18:00:00Z	2022-07-20T00:00:00Z		9.6	90.4	0	14	500	625				102.5	1288	60	1560															
ct169-597-21	228991	7	2022-07-20T18:00:00Z	2022-07-21T00:00:00Z		11.2	88.8	0	16	475	700				102.5	1192	120	1448															
ct169-597-21	228991	7	2022-07-21T00:00:00Z	2022-07-21T06:00:00Z		12.7	87.3	0	18	450	575				92.5	968	60	1128															
ct169-597-21	228991	7	2022-07-21T06:00:00Z	2022-07-21T12:00:00Z		12.7	87.3	0	18	400	775				122.5	1000	180	1512															
ct169-597-21	228991	6	2022-07-21T12:00:00Z	2022-07-21T18:00:00Z		11.2	88.8	0	18	475	825				112.5	1096	60	1320															
ct169-597-21	228991	6	2022-07-21T18:00:00Z	2022-07-22T00:00:00Z		11.2	88.8	0	16	450	575				40	1128	60	1256															
ct169-597-21	228991	6	2022-07-22T00:00:00Z	2022-07-22T06:00:00Z		12.7	87.3	0	20	380	450				45	936	60	1096															
ct169-597-21	228991	6	2022-07-22T06:00:00Z	2022-07-22T12:00:00Z		12.7	87.3	0	20	340	475				65	936	60	1064															
ct169-597-21	228991	6	2022-07-22T12:00:00Z	2022-07-22T18:00:00Z		9.6	90.4	0	16	425	575				92.5	1160	240	1752															
ct169-597-21	228991	6	2022-07-22T18:00:00Z	2022-07-23T00:00:00Z		9.6	90.4	0	14	475	600				60	1256	60	1448															
ct169-597-21	228991	4	2022-07-23T00:00:00Z	2022-07-23T06:00:00Z		11.2	88.8	0	20	425	600				92.5	968	180	1416															
ct169-597-21	228991	4	2022-07-23T06:00:00Z	2022-07-23T12:00:00Z		11.2	88.8	0	18	400	650				102.5	1096	240	1816															
ct169-597-21	228991	4	2022-07-23T12:00:00Z	2022-07-23T18:00:00Z		11.2	88.8	0	18	525	600				82.5	1064	60	1256															
ct169-597-21	228991	4	2022-07-24T12:00:00Z	2022-07-24T18:00:00Z		11.2	88.8	0	16	425	600				102.5	1096	120	1352															
ct169-597-21	228991	4	2022-07-24T18:00:00Z	2022-07-25T00:00:00Z		9.6	90.4	0	16	475	600				70	1192	120	1448															
ct169-597-21	228991	4	2022-07-25T00:00:00Z	2022-07-25T06:00:00Z		12.7	87.3	0	20	400	550				92.5	936	60	1096															
ct169-597-21	228991	5	2022-07-25T06:00:00Z	2022-07-25T12:00:00Z		11.2	88.8	0	16	475	875				142.5	1096	120	1560															
ct169-597-21	228991	5	2022-07-25T12:00:00Z	2022-07-25T18:00:00Z		9.6	90.4	0	18	550	875				102.5	1096	60	1256															
ct169-597-21	228991	5	2022-07-25T18:00:00Z	2022-07-26T00:00:00Z		8	92	0	14	525	675				92.5	1256	180	1688															
ct169-597-21	228991	6	2022-07-26T00:00:00Z	2022-07-26T06:00:00Z		11.2	88.8	0	18	500	575				30	1032	120	1288															
ct169-597-21	228991	6	2022-07-26T06:00:00Z	2022-07-26T12:00:00Z		11.2	88.8	0	16	425	500				65	1096	240	1816															
ct169-597-21	228991	6	2022-07-26T12:00:00Z	2022-07-26T18:00:00Z		11.2	88.8	0	16	475	550				50	1224	60	1384															
ct169-597-21	228991	7	2022-07-26T18:00:00Z	2022-07-27T00:00:00Z		4.9	17.4	77.7	4	390	475				55	1192	60	1288															
ct169-597-21	228991	7	2022-07-27T00:00:00Z	2022-07-27T06:00:00Z		14.4	66.6	19	10	450	800				142.5	1256	120	1512															
ct169-597-21	228991	7	2022-07-27T06:00:00Z	2022-07-27T12:00:00Z		14.3	85.7	0	18	425	550				82.5	1064	60	1192															
ct169-597-21	228991	8	2022-07-27T12:00:00Z	2022-07-27T18:00:00Z		11.2	88.8	0	16	475	600				82.5	1192	60	1320															
ct169-597-21	228991	8	2022-07-27T18:00:00Z	2022-07-28T00:00:00Z		12.8	80.9	6.3	14	425	575				75	1128	180	1816															
ct169-597-21	228991	8	2022-07-28T00:00:00Z	2022-07-28T06:00:00Z		12.7	87.3	0	16	500	825				122.5	1160	120	1416															
ct169-597-21	228991	5	2022-07-28T06:00:00Z	2022-07-28T12:00:00Z		12.7	87.3	0	18	425	475				15	1032	60	1192															
ct169-597-21	228991	5	2022-07-28T12:00:00Z	2022-07-28T18:00:00Z		12.7	87.3	0	18	450	550				92.5	1000	60	1160															
ct169-597-21	228991	5	2022-07-28T18:00:00Z	2022-07-29T00:00:00Z		9.6	90.4	0	14	525	650				82.5	1288	180	1752															
ct169-597-21	228991	2	2022-07-30T12:00:00Z	2022-07-30T18:00:00Z		8	92	0	14	450	675				122.5	1256	540	3160															
ct169-597-21	228991	2	2022-07-30T18:00:00Z	2022-07-31T00:00:00Z		8	92	0	12	500	600				82.5	1688	360	2520															
ct169-597-21	228991	2	2022-07-31T00:00:00Z	2022-07-31T06:00:00Z		11.2	88.8	0	14	500	825				152.5	1320	180	1816															
ct169-597-21	228991	4	2022-07-31T06:00:00Z	2022-07-31T12:00:00Z		14.3	85.7	0	18	425	650				60	1000	60	1192															
ct169-597-21	228991	4	2022-07-31T12:00:00Z	2022-07-31T18:00:00Z		9.6	90.4	0	12	525	625				82.5	1384	240	2136															
ct169-597-21	228991	4	2022-07-31T18:00:00Z	2022-08-01T00:00:00Z		11.2	88.8	0	12	525	625				112.5	1560	120	1816															
ct169-597-21	228991	3	2022-08-01T18:00:00Z	2022-08-02T00:00:00Z		11.2	88.8	0	12	450	675				92.5	1416	300	1944															
ct169-597-21	228991	3	2022-08-02T00:00:00Z	2022-08-02T06:00:00Z		14.3	85.7	0	18	390	625				132.5	1096	120	1448															
ct169-597-21	228991	3	2022-08-02T06:00:00Z	2022-08-02T12:00:00Z		9.6	69.8	20.6	10	400	875				192.5	1288	120	1560															
ct169-597-21	228991	4	2022-08-03T06:00:00Z	2022-08-03T12:00:00Z		14.3	85.7	0	18	400	650				122.5	904	180	1192															
ct169-597-21	228991	4	2022-08-03T12:00:00Z	2022-08-03T18:00:00Z		12.7	87.3	0	16	550	625				70	1224	120	1560															
ct169-597-21	228991	4	2022-08-03T18:00:00Z	2022-08-04T00:00:00Z		11.2	88.8	0	14	650	1025				102.5	1320	60	1448															
ct169-597-21	228991	2	2022-08-04T00:00:00Z	2022-08-04T06:00:00Z		11.2	88.8	0	16	525	650				92.5	1160	120	1560															
ct169-597-21	228991	2	2022-08-04T06:00:00Z	2022-08-04T12:00:00Z		12.7	87.3	0	20	450	775				152.5	968	60	1256															
ct169-597-21	228991	2	2022-08-04T12:00:00Z	2022-08-04T18:00:00Z		9.6	90.4	0	14	525	825				132.5	1288	120	1624															
ct169-597-21	228991	4	2022-08-04T18:00:00Z	2022-08-05T00:00:00Z		9.6	90.4	0	14	475	650				82.5	1256	180	1688															
ct169-597-21	228991	4	2022-08-05T00:00:00Z	2022-08-05T06:00:00Z		12.7	87.3	0	18	475	825				152.5	1000	60	1192															
ct169-597-21	228991	4	2022-08-05T06:00:00Z	2022-08-05T12:00:00Z		11.2	88.8	0	18	450	775				172.5	1128	120	1512															
ct169-597-21	228991	4	2022-08-05T12:00:00Z	2022-08-05T18:00:00Z		9.6	90.4	0	16	525	850				132.5	1192	60	1416															
ct169-597-21	228991	4	2022-08-05T18:00:00Z	2022-08-06T00:00:00Z		9.6	90.4	0	16	600	950				132.5	1256	60	1448															
ct169-597-21	228991	4	2022-08-06T00:00:00Z	2022-08-06T06:00:00Z		11.2	88.8	0	18	575	925				182.5	1064	60	1256															
ct169-597-21	228991	2	2022-08-07T00:00:00Z	2022-08-07T06:00:00Z		11.2	88.8	0	18	500	1075				162.5	1096	180	1688															
ct169-597-21	228991	2	2022-08-07T06:00:00Z	2022-08-07T12:00:00Z		12.8	71.4	15.8	18	400	725				122.5	904	60	1000															
ct169-597-21	228991	2	2022-08-07T12:00:00Z	2022-08-07T18:00:00Z		8.1	66.6	25.3	8	625	1025				182.5	1624	240	2072															
ct169-597-21	228991	3	2022-08-07T18:00:00Z	2022-08-08T00:00:00Z		12.7	87.3	0	14	675	1050				172.5	1320	120	1560															
ct169-597-21	228991	3	2022-08-08T00:00:00Z	2022-08-08T06:00:00Z		12.7	87.3	0	16	425	550				92.5	1064	60	1352															
ct169-597-21	228991	3	2022-08-08T06:00:00Z	2022-08-08T12:00:00Z		12.8	53.9	33.3	12	330	525				70	1000	60	1160															
ct169-597-21	228991	5	2022-08-08T12:00:00Z	2022-08-08T18:00:00Z		11.2	77.7	11.1	10	700	1050				247.5	1384	60	1512															
ct169-597-21	228991	5	2022-08-08T18:00:00Z	2022-08-09T00:00:00Z		12.7	87.3	0	14	600	1025				212.5	1352	60	1560															
ct169-597-21	228991	5	2022-08-09T00:00:00Z	2022-08-09T06:00:00Z		14.3	85.7	0	16	525	1025				172.5	1160	180	1560															
ct169-597-21	228991	2	2022-08-10T00:00:00Z	2022-08-10T06:00:00Z		12.7	87.3	0	16	600	850				182.5	1128	120	1448															
ct169-597-21	228991	2	2022-08-10T06:00:00Z	2022-08-10T12:00:00Z		14.3	85.7	0	18	370	850				122.5	968	60	1096															
ct169-597-21	228991	2	2022-08-10T12:00:00Z	2022-08-10T18:00:00Z		12.8	84.1	3.1	14	550	1125				247.5	1288	120	1560															
ct169-597-21	228991	3	2022-08-10T18:00:00Z	2022-08-11T00:00:00Z		11.2	88.8	0	16	525	825				112.5	1192	60	1384															
ct169-597-21	228991	3	2022-08-11T00:00:00Z	2022-08-11T06:00:00Z		12.7	87.3	0	16	575	850				132.5	1192	180	1560															
ct169-597-21	228991	3	2022-08-11T06:00:00Z	2022-08-11T12:00:00Z		14.3	85.7	0	16	400	500				82.5	1064	180	1688															
ct169-597-21	228991	2	2022-08-11T12:00:00Z	2022-08-11T18:00:00Z		11.2	73	15.8	12	475	775				142.5	1384	120	1560															
ct169-597-21	228991	2	2022-08-11T18:00:00Z	2022-08-12T00:00:00Z		9.6	90.4	0	12	575	1000				142.5	1560	180	2072															
ct169-597-21	228991	2	2022-08-12T00:00:00Z	2022-08-12T06:00:00Z		14.3	85.7	0	16	525	1125				222.5	1160	240	1688															
ct169-597-21	228991	6	2022-08-12T06:00:00Z	2022-08-12T12:00:00Z		15.9	84.1	0	20	425	475				15	936	0	968															
ct169-597-21	228991	6	2022-08-12T12:00:00Z	2022-08-12T18:00:00Z		14.3	85.7	0	14	500	875				152.5	1320	120	1624															
ct169-597-21	228991	6	2022-08-12T18:00:00Z	2022-08-13T00:00:00Z		9.7	65	25.3	10	475	625				102.5	1416	60	1688															
ct169-597-21	228991	7	2022-08-13T00:00:00Z	2022-08-13T06:00:00Z		11.2	88.8	0	16	450	625				75	1128	120	1416															
ct169-597-21	228991	7	2022-08-13T06:00:00Z	2022-08-13T12:00:00Z		12.7	87.3	0	18	425	475				20	1000	60	1224															
ct169-597-21	228991	7	2022-08-13T12:00:00Z	2022-08-13T18:00:00Z		9.6	90.4	0	14	500	675				82.5	1320	360	1944															
ct169-597-21	228991	1	2022-08-14T12:00:00Z	2022-08-14T18:00:00Z		9.6	90.4	0	14	575	950				182.5	1384	120	1816															
ct169-597-21	228991	1	2022-08-14T18:00:00Z	2022-08-15T00:00:00Z		9.6	90.4	0	14	625	1050				182.5	1352	180	1816															
ct169-597-21	228991	1	2022-08-15T00:00:00Z	2022-08-15T06:00:00Z		11.2	88.8	0	18	550	925				122.5	1128	120	1352															
ct169-597-21	228991	1	2022-08-15T06:00:00Z	2022-08-15T12:00:00Z		12.7	87.3	0	20	450	875				132.5	904	60	1128															
ct169-597-21	228991	1	2022-08-15T12:00:00Z	2022-08-15T18:00:00Z		9.6	90.4	0	14	425	575				70	1224	240	1816															
ct169-597-21	228991	1	2022-08-15T18:00:00Z	2022-08-16T00:00:00Z		9.6	90.4	0	14	650	975				142.5	1352	60	1560															
ct169-597-21	228991	1	2022-08-16T00:00:00Z	2022-08-16T06:00:00Z		11.2	88.8	0	18	500	825				162.5	1032	300	1480															
ct169-597-21	228991	1	2022-08-16T06:00:00Z	2022-08-16T12:00:00Z		12.7	87.3	0	20	400	600				75	936	0	1096															
ct169-597-21	228991	1	2022-08-16T12:00:00Z	2022-08-16T18:00:00Z		9.6	90.4	0	14	650	1150				287.5	1384	120	1688															
ct169-597-21	228991	3	2022-08-16T18:00:00Z	2022-08-17T00:00:00Z		8	92	0	12	525	1000				172.5	1512	180	1944															
ct169-597-21	228991	3	2022-08-17T00:00:00Z	2022-08-17T06:00:00Z		9.6	90.4	0	16	600	900				132.5	1160	120	1384															
ct169-597-21	228991	3	2022-08-17T06:00:00Z	2022-08-17T12:00:00Z		11.2	88.8	0	18	500	725				92.5	1032	120	1416															
ct169-597-21	228991	3	2022-08-17T12:00:00Z	2022-08-17T18:00:00Z		8	92	0	12	575	1025				247.5	1512	300	2136															
ct169-597-21	228991	3	2022-08-17T18:00:00Z	2022-08-18T00:00:00Z		9.6	90.4	0	14	675	1100				162.5	1384	60	1624															
ct169-597-21	228991	3	2022-08-18T00:00:00Z	2022-08-18T06:00:00Z		9.6	90.4	0	16	500	900				212.5	1160	300	1624															
ct169-597-21	228991	1	2022-08-18T06:00:00Z	2022-08-18T12:00:00Z		9.6	90.4	0	14	400	650				142.5	1352	360	1880															
ct169-597-21	228991	1	2022-08-18T12:00:00Z	2022-08-18T18:00:00Z		9.6	90.4	0	14	525	800				92.5	1288	120	1416															
ct169-597-21	228991	1	2022-08-18T18:00:00Z	2022-08-19T00:00:00Z		9.6	90.4	0	12	600	875				142.5	1480	180	1816															
ct169-597-21	228991	1	2022-08-20T12:00:00Z	2022-08-20T18:00:00Z		9.6	90.4	0	14	550	925				202.5	1352	240	1816															
ct169-597-21	228991	1	2022-08-20T18:00:00Z	2022-08-21T00:00:00Z		11.2	88.8	0	14	575	1000				172.5	1352	60	1560															
ct169-597-21	228991	1	2022-08-21T00:00:00Z	2022-08-21T06:00:00Z		11.2	88.8	0	16	550	1025				162.5	1192	60	1384															
ct169-597-21	228991	1	2022-08-22T00:00:00Z	2022-08-22T06:00:00Z		12.8	82.5	4.7	14	550	1000				222.5	1288	240	1880															
ct169-597-21	228991	1	2022-08-22T06:00:00Z	2022-08-22T12:00:00Z		14.4	80.9	4.7	16	475	800				112.5	1064	60	1256															
ct169-597-21	228991	1	2022-08-22T12:00:00Z	2022-08-22T18:00:00Z		8	60.3	31.7	8	525	975				162.5	1448	120	1752															
ct169-597-21	228991	2	2022-08-22T18:00:00Z	2022-08-23T00:00:00Z		8	73	19	8	550	600				60	1880	240	2392															
ct169-597-21	228991	2	2022-08-23T00:00:00Z	2022-08-23T06:00:00Z		12.7	87.3	0	18	450	725				162.5	1064	180	1512															
ct169-597-21	228991	2	2022-08-23T06:00:00Z	2022-08-23T12:00:00Z		11.2	88.8	0	16	450	725				70	1192	120	1512															
ct169-597-21	228991	4	2022-08-23T12:00:00Z	2022-08-23T18:00:00Z		11.2	88.8	0	16	500	975				162.5	1192	120	1560															
ct169-597-21	228991	4	2022-08-23T18:00:00Z	2022-08-24T00:00:00Z		9.6	90.4	0	14	550	950				247.5	1448	360	1880															
ct169-597-21	228991	4	2022-08-24T00:00:00Z	2022-08-24T06:00:00Z		11.2	88.8	0	16	525	1100				182.5	1160	120	1512															
ct169-597-21	228991	2	2022-08-25T00:00:00Z	2022-08-25T06:00:00Z		11.2	88.8	0	16	550	1050				232.5	1224	180	1624															
ct169-597-21	228991	2	2022-08-25T06:00:00Z	2022-08-25T12:00:00Z		9.6	90.4	0	14	450	625				60	1256	300	2328															
ct169-597-21	228991	2	2022-08-25T12:00:00Z	2022-08-25T18:00:00Z		9.6	90.4	0	14	475	850				122.5	1288	120	1688															
ct169-597-21	228991	3	2022-08-26T12:00:00Z	2022-08-26T18:00:00Z		9.6	90.4	0	14	475	700				102.5	1288	60	1624															
ct169-597-21	228991	3	2022-08-26T18:00:00Z	2022-08-27T00:00:00Z		8	92	0	12	625	1050				192.5	1624	240	2328															
ct169-597-21	228991	3	2022-08-27T00:00:00Z	2022-08-27T06:00:00Z		9.6	90.4	0	16	575	1075				142.5	1256	120	1480															
ct169-597-21	228991	2	2022-08-27T06:00:00Z	2022-08-27T12:00:00Z		9.6	90.4	0	14	475	825				122.5	1416	360	2200															
ct169-597-21	228991	2	2022-08-27T12:00:00Z	2022-08-27T18:00:00Z		9.6	90.4	0	14	550	1000				152.5	1352	120	1624															
ct169-597-21	228991	2	2022-08-27T18:00:00Z	2022-08-28T00:00:00Z		8	92	0	12	500	950				162.5	1560	120	1816															
ct169-597-21	228991	1	2022-08-28T00:00:00Z	2022-08-28T06:00:00Z		9.6	90.4	0	14	475	625				92.5	1288	180	1624															
ct169-597-21	228991	1	2022-08-28T06:00:00Z	2022-08-28T12:00:00Z		9.6	90.4	0	14	500	900				132.5	1256	120	1688															
ct169-597-21	228991	1	2022-08-28T12:00:00Z	2022-08-28T18:00:00Z		9.6	90.4	0	14	550	900				192.5	1352	240	1880															
ct169-597-21	228991	2	2022-08-28T18:00:00Z	2022-08-29T00:00:00Z		9.6	90.4	0	14	875	1125				232.5	1512	180	2264															
ct169-597-21	228991	2	2022-08-29T00:00:00Z	2022-08-29T06:00:00Z		9.6	90.4	0	16	550	1025				172.5	1160	180	1512															
ct169-597-21	228991	2	2022-08-29T06:00:00Z	2022-08-29T12:00:00Z		9.6	90.4	0	14	450	550				92.5	1320	360	2072															
ct169-597-21	228991	6	2022-08-31T18:00:00Z	2022-09-01T00:00:00Z		12.7	87.3	0	12	600	950				122.5	1688	180	2008															
ct169-597-21	228991	6	2022-09-01T00:00:00Z	2022-09-01T06:00:00Z		8	46	46	6	550	575				20	1352	240	1944															
ct169-597-21	228991	6	2022-09-01T06:00:00Z	2022-09-01T12:00:00Z		14.3	85.7	0	14	575	1100				222.5	1288	180	1688															
ct169-597-21	228991	3	2022-09-02T06:00:00Z	2022-09-02T12:00:00Z		11.2	88.8	0	16	400	500				25	1224	120	1816															
ct169-597-21	228991	3	2022-09-02T12:00:00Z	2022-09-02T18:00:00Z		9.6	90.4	0	12	600	925				122.5	1480	180	2008															
ct169-597-21	228991	3	2022-09-02T18:00:00Z	2022-09-03T00:00:00Z		6.4	46	47.6	6	600	675				70	1416	60	1560															
ct169-597-21	228991	1	2022-09-03T00:00:00Z	2022-09-03T06:00:00Z		12.7	87.3	0	14	550	1075				162.5	1416	300	2264															
ct169-597-21	228991	1	2022-09-03T06:00:00Z	2022-09-03T12:00:00Z		11.2	71.4	17.4	12	425	525				35	1192	120	1688															
ct169-597-21	228991	1	2022-09-03T12:00:00Z	2022-09-03T18:00:00Z		11.2	88.8	0	10	525	625				92.5	1688	180	2264															
ct169-597-21	228991	3	2022-09-04T12:00:00Z	2022-09-04T18:00:00Z		8	92	0	12	575	1025				142.5	1560	120	1752															
ct169-597-21	228991	3	2022-09-04T18:00:00Z	2022-09-05T00:00:00Z		11.2	88.8	0	12	725	1150				202.5	1480	120	1752															
ct169-597-21	228991	3	2022-09-05T00:00:00Z	2022-09-05T06:00:00Z		11.2	88.8	0	16	550	950				112.5	1192	60	1448															
ct169-597-21	228991	4	2022-09-05T06:00:00Z	2022-09-05T12:00:00Z		11.2	88.8	0	16	475	750				122.5	1192	120	1688															
ct169-597-21	228991	4	2022-09-05T12:00:00Z	2022-09-05T18:00:00Z		8	92	0	12	725	1125				247.5	1688	120	1944															
ct169-597-21	228991	4	2022-09-05T18:00:00Z	2022-09-06T00:00:00Z		9.6	90.4	0	12	775	1225				202.5	1560	120	1944															
ct169-597-21	228991	4	2022-09-06T00:00:00Z	2022-09-06T06:00:00Z		9.6	90.4	0	14	700	1125				222.5	1256	240	1624															
ct169-597-21	228991	4	2022-09-06T06:00:00Z	2022-09-06T12:00:00Z		11.2	88.8	0	14	525	975				182.5	1224	180	1560															
ct169-597-21	228991	4	2022-09-06T12:00:00Z	2022-09-06T18:00:00Z		8	92	0	12	625	1100				247.5	1624	120	1880															
ct169-597-21	228991	3	2022-09-06T18:00:00Z	2022-09-07T00:00:00Z		8	92	0	12	725	1075				172.5	1560	60	1688															
ct169-597-21	228991	3	2022-09-07T00:00:00Z	2022-09-07T06:00:00Z		9.6	90.4	0	14	600	1075				152.5	1288	120	1480															
ct169-597-21	228991	3	2022-09-07T06:00:00Z	2022-09-07T12:00:00Z		11.2	88.8	0	14	550	1100				222.5	1256	180	1688															
ct169-597-21	228991	7	2022-09-07T12:00:00Z	2022-09-07T18:00:00Z		8	92	0	12	600	1025				247.5	1512	240	2328															
ct169-597-21	228991	7	2022-09-07T18:00:00Z	2022-09-08T00:00:00Z		11.2	88.8	0	14	775	1075				182.5	1320	120	1624															
ct169-597-21	228991	7	2022-09-08T00:00:00Z	2022-09-08T06:00:00Z		11.2	88.8	0	14	625	1250				247.5	1192	240	1944															
ct169-597-21	228991	2	2022-09-09T00:00:00Z	2022-09-09T06:00:00Z		11.2	88.8	0	16	600	950				152.5	1128	180	1560															
ct169-597-21	228991	2	2022-09-09T06:00:00Z	2022-09-09T12:00:00Z		9.6	90.4	0	14	475	575				55	1256	300	1816															
ct169-597-21	228991	2	2022-09-09T12:00:00Z	2022-09-09T18:00:00Z		8	92	0	12	600	1000				182.5	1480	300	2712															
ct169-597-21	228991	11	2022-09-09T18:00:00Z	2022-09-10T00:00:00Z		9.6	90.4	0	14	550	850				102.5	1480	120	1752															
ct169-597-21	228991	11	2022-09-10T00:00:00Z	2022-09-10T06:00:00Z		11.2	88.8	0	16	575	1200				212.5	1128	240	1816															
ct169-597-21	228991	11	2022-09-10T06:00:00Z	2022-09-10T12:00:00Z		11.2	88.8	0	18	390	550				65	1032	180	1416															
ct169-597-21	228991	7	2022-09-10T12:00:00Z	2022-09-10T18:00:00Z		9.6	90.4	0	12	525	975				172.5	1512	120	1880															
ct169-597-21	228991	7	2022-09-10T18:00:00Z	2022-09-11T00:00:00Z		12.7	87.3	0	14	750	1025				192.5	1256	120	1560															
ct169-597-21	228991	7	2022-09-11T00:00:00Z	2022-09-11T06:00:00Z		12.7	87.3	0	16	525	975				182.5	1128	120	1384															
ct169-597-21	228991	4	2022-09-11T06:00:00Z	2022-09-11T12:00:00Z		12.8	84.1	3.1	16	500	575				45	1192	120	1560															
ct169-597-21	228991	4	2022-09-11T12:00:00Z	2022-09-11T18:00:00Z		6.5	55.5	38	6	625	850				202.5	1752	360	2328															
ct169-597-21	228991	4	2022-09-11T18:00:00Z	2022-09-12T00:00:00Z		12.7	87.3	0	12	475	500				25	1624	180	2200															
ct169-597-21	228991	5	2022-09-12T18:00:00Z	2022-09-13T00:00:00Z		9.6	90.4	0	12	550	1050				182.5	1624	120	1944															
ct169-597-21	228991	5	2022-09-13T00:00:00Z	2022-09-13T06:00:00Z		12.7	87.3	0	16	600	925				152.5	1160	300	2008															
ct169-597-21	228991	5	2022-09-13T06:00:00Z	2022-09-13T12:00:00Z		12.7	87.3	0	14	525	975				192.5	1320	300	1816															
ct169-597-21	228991	1	2022-09-13T12:00:00Z	2022-09-13T18:00:00Z		14.4	77.7	7.9	14	725	975				162.5	1256	180	1752															
ct169-597-21	228991	1	2022-09-13T18:00:00Z	2022-09-14T00:00:00Z		4.8	22.2	73	2	525	625				75	1560	120	1752															
ct169-597-21	228991	1	2022-09-14T00:00:00Z	2022-09-14T06:00:00Z		12.7	87.3	0	14	600	925				152.5	1320	120	1560															
ct169-597-21	228991	1	2022-09-14T06:00:00Z	2022-09-14T12:00:00Z		14.3	85.7	0	12	625	1000				172.5	1416	360	2520															
ct169-597-21	228991	1	2022-09-14T12:00:00Z	2022-09-14T18:00:00Z		12.7	87.3	0	12	675	1125				267.5	1480	120	1688															
ct169-597-21	228991	1	2022-09-14T18:00:00Z	2022-09-15T00:00:00Z		8	49.2	42.8	6	550	900				142.5	1688	300	2264															
ct169-597-21	228991	8	2022-09-15T00:00:00Z	2022-09-15T06:00:00Z		14.3	85.7	0	14	625	900				192.5	1192	240	1688															
ct169-597-21	228991	8	2022-09-15T06:00:00Z	2022-09-15T12:00:00Z		12.8	76.1	11.1	10	600	900				182.5	1512	300	2008															
ct169-597-21	228991	8	2022-09-15T12:00:00Z	2022-09-15T18:00:00Z		12.7	87.3	0	14	675	1000				222.5	1416	180	1752															
ct169-597-21	228991	2	2022-09-15T18:00:00Z	2022-09-16T00:00:00Z		12.7	87.3	0	14	725	1000				192.5	1288	180	1624															
ct169-597-21	228991	2	2022-09-16T00:00:00Z	2022-09-16T06:00:00Z		14.3	85.7	0	18	475	750				112.5	1096	120	1352															
ct169-597-21	228991	2	2022-09-16T06:00:00Z	2022-09-16T12:00:00Z		9.6	90.4	0	14	550	1000				132.5	1384	120	1688															
ct169-597-21	228991	4	2022-09-16T12:00:00Z	2022-09-16T18:00:00Z		8	92	0	12	500	650				82.5	1560	240	1880															
ct169-597-21	228991	4	2022-09-16T18:00:00Z	2022-09-17T00:00:00Z		9.6	90.4	0	12	650	900				152.5	1480	180	1880															
ct169-597-21	228991	4	2022-09-17T00:00:00Z	2022-09-17T06:00:00Z		9.6	90.4	0	14	700	1125				267.5	1256	120	1480															
ct169-597-21	228991	3	2022-09-17T06:00:00Z	2022-09-17T12:00:00Z		9.6	90.4	0	14	450	550				82.5	1416	240	2008															
ct169-597-21	228991	3	2022-09-17T12:00:00Z	2022-09-17T18:00:00Z		9.6	90.4	0	14	500	950				172.5	1416	120	1752															
ct169-597-21	228991	3	2022-09-17T18:00:00Z	2022-09-18T00:00:00Z		9.6	90.4	0	12	675	1050				212.5	1560	120	1816															
ct169-597-21	228991	1	2022-09-18T00:00:00Z	2022-09-18T06:00:00Z		11.2	88.8	0	14	625	1100				172.5	1288	120	1512															
ct169-597-21	228991	1	2022-09-18T06:00:00Z	2022-09-18T12:00:00Z		9.6	90.4	0	14	500	550				25	1352	60	1560															
ct169-597-21	228991	1	2022-09-18T12:00:00Z	2022-09-18T18:00:00Z		8	92	0	12	475	850				122.5	1752	180	2264															
ct169-597-21	228991	6	2022-09-18T18:00:00Z	2022-09-19T00:00:00Z		9.6	90.4	0	14	650	975				162.5	1352	120	1688															
ct169-597-21	228991	6	2022-09-19T00:00:00Z	2022-09-19T06:00:00Z		11.2	88.8	0	14	525	750				102.5	1288	120	1560															
ct169-597-21	228991	6	2022-09-19T06:00:00Z	2022-09-19T12:00:00Z		9.6	90.4	0	16	290	525				122.5	1192	180	1512															
ct169-597-21	228991	2	2022-09-19T12:00:00Z	2022-09-19T18:00:00Z		8	92	0	12	450	775				122.5	1560	240	2200															
ct169-597-21	228991	2	2022-09-19T18:00:00Z	2022-09-20T00:00:00Z		9.6	90.4	0	14	575	1125				162.5	1480	120	1624															
ct169-597-21	228991	2	2022-09-20T00:00:00Z	2022-09-20T06:00:00Z		11.2	88.8	0	14	575	900				132.5	1320	120	1560															
ct169-597-21	228991	2	2022-09-20T06:00:00Z	2022-09-20T12:00:00Z		8	92	0	12	500	625				82.5	1560	240	2072															
ct169-597-21	228991	2	2022-09-20T12:00:00Z	2022-09-20T18:00:00Z		9.6	90.4	0	16	350	575				192.5	1128	420	1752															
ct169-597-21	228991	2	2022-09-20T18:00:00Z	2022-09-21T00:00:00Z		9.6	90.4	0	12	700	1075				232.5	1560	240	2008															
ct169-597-21	228991	4	2022-09-21T00:00:00Z	2022-09-21T06:00:00Z		12.7	87.3	0	14	550	1025				202.5	1288	180	1624															
ct169-597-21	228991	4	2022-09-21T06:00:00Z	2022-09-21T12:00:00Z		11.2	88.8	0	12	525	550				15	1480	180	2072															
ct169-597-21	228991	4	2022-09-21T12:00:00Z	2022-09-21T18:00:00Z		9.6	90.4	0	12	500	875				162.5	1688	240	2456															
ct169-597-21	228991	2	2022-09-21T18:00:00Z	2022-09-22T00:00:00Z		9.6	90.4	0	12	800	1175				247.5	1624	480	3160															
ct169-597-21	228991	2	2022-09-22T00:00:00Z	2022-09-22T06:00:00Z		16	82.5	1.5	14	600	1075				247.5	1160	180	1560															
ct169-597-21	228991	2	2022-09-22T06:00:00Z	2022-09-22T12:00:00Z		9.6	79.3	11.1	10	500	575				55	1560	240	2072															
ct169-597-21	228991	4	2022-09-22T12:00:00Z	2022-09-22T18:00:00Z		9.6	90.4	0	10	525	1125				202.5	1816	300	2584															
ct169-597-21	228991	4	2022-09-22T18:00:00Z	2022-09-23T00:00:00Z		11.2	88.8	0	12	700	1075				222.5	1480	180	2008															
ct169-597-21	228991	4	2022-09-23T00:00:00Z	2022-09-23T06:00:00Z		11.2	88.8	0	14	625	1050				222.5	1320	120	1560															
ct169-597-21	228991	3	2022-09-23T06:00:00Z	2022-09-23T12:00:00Z		9.6	90.4	0	12	475	550				55	1448	120	1816															
ct169-597-21	228991	3	2022-09-23T12:00:00Z	2022-09-23T18:00:00Z		8	92	0	12	550	950				182.5	1624	180	2008															
ct169-597-21	228991	3	2022-09-23T18:00:00Z	2022-09-24T00:00:00Z		9.6	90.4	0	14	575	1150				222.5	1480	120	1752															
ct169-597-21	228991	4	2022-09-24T00:00:00Z	2022-09-24T06:00:00Z		11.2	88.8	0	16	500	925				172.5	1160	120	1384															
ct169-597-21	228991	4	2022-09-24T06:00:00Z	2022-09-24T12:00:00Z		8	92	0	12	450	900				142.5	1624	180	2136															
ct169-597-21	228991	4	2022-09-24T12:00:00Z	2022-09-24T18:00:00Z		8	92	0	12	475	975				162.5	1752	180	2264															
ct169-597-21	228991	5	2022-09-24T18:00:00Z	2022-09-25T00:00:00Z		9.6	90.4	0	14	750	1075				327.5	1448	300	1688															
ct169-597-21	228991	5	2022-09-25T00:00:00Z	2022-09-25T06:00:00Z		11.2	88.8	0	16	600	1050				212.5	1128	120	1448															
ct169-597-21	228991	5	2022-09-25T06:00:00Z	2022-09-25T12:00:00Z		9.6	90.4	0	14	425	550				102.5	1352	240	1880															
ct169-597-21	228991	2	2022-09-26T06:00:00Z	2022-09-26T12:00:00Z		9.6	90.4	0	14	600	875				142.5	1448	180	1880															
ct169-597-21	228991	2	2022-09-26T12:00:00Z	2022-09-26T18:00:00Z		8	92	0	12	450	975				172.5	1688	180	1944															
ct169-597-21	228991	2	2022-09-26T18:00:00Z	2022-09-27T00:00:00Z		11.2	88.8	0	12	750	1025				212.5	1448	120	1752															
ct169-597-21	228991	3	2022-09-27T00:00:00Z	2022-09-27T06:00:00Z		15.9	84.1	0	16	575	900				182.5	1064	120	1416															
ct169-597-21	228991	3	2022-09-27T06:00:00Z	2022-09-27T12:00:00Z		12.8	76.1	11.1	10	525	850				102.5	1416	240	2136															
ct169-597-21	228991	3	2022-09-27T12:00:00Z	2022-09-27T18:00:00Z		9.6	90.4	0	12	550	1275				287.5	1624	180	2072															
ct169-597-21	228991	5	2022-09-29T06:00:00Z	2022-09-29T12:00:00Z		9.6	90.4	0	12	475	575				92.5	1560	240	2136															
ct169-597-21	228991	5	2022-09-29T12:00:00Z	2022-09-29T18:00:00Z		8	92	0	10	475	625				92.5	1816	300	2648															
ct169-597-21	228991	5	2022-09-29T18:00:00Z	2022-09-30T00:00:00Z		11.2	88.8	0	14	525	1000				172.5	1288	180	1688															
ct169-597-21	228991	4	2022-09-30T00:00:00Z	2022-09-30T06:00:00Z		11.2	88.8	0	16	400	700				112.5	1256	360	2392															
ct169-597-21	228991	4	2022-09-30T06:00:00Z	2022-09-30T12:00:00Z		8	92	0	12	450	575				55	1560	120	1816															
ct169-597-21	228991	4	2022-09-30T12:00:00Z	2022-09-30T18:00:00Z		6.4	93.6	0	10	425	575				70	1880	120	2264															
ct169-597-21	228991	4	2022-10-01T12:00:00Z	2022-10-01T18:00:00Z		8	92	0	12	390	550				70	1752	120	2072															
ct169-597-21	228991	4	2022-10-01T18:00:00Z	2022-10-02T00:00:00Z		9.6	90.4	0	14	475	650				102.5	1384	300	1816															
ct169-597-21	228991	4	2022-10-02T00:00:00Z	2022-10-02T06:00:00Z		11.2	58.7	30.1	12	400	650				142.5	1128	180	1688															
ct169-597-21	228991	2	2022-10-02T06:00:00Z	2022-10-02T12:00:00Z		11.2	74.6	14.2	12	400	525				70	1352	180	1688															
ct169-597-21	228991	2	2022-10-02T12:00:00Z	2022-10-02T18:00:00Z		9.6	90.4	0	10	425	500				45	1880	240	2328															
ct169-597-21	228991	2	2022-10-02T18:00:00Z	2022-10-03T00:00:00Z		9.6	90.4	0	10	450	575				55	1944	240	2328															
ct169-597-21	228991	3	2022-10-03T18:00:00Z	2022-10-04T00:00:00Z		12.7	87.3	0	12	525	775				122.5	1512	240	1880															
ct169-597-21	228991	3	2022-10-04T00:00:00Z	2022-10-04T06:00:00Z		9.6	60.3	30.1	12	600	1025				267.5	1224	240	1688															
ct169-597-21	228991	3	2022-10-04T06:00:00Z	2022-10-04T12:00:00Z		9.7	76.1	14.2	8	475	600				65	1688	180	2200															
