REF	PTT	END_DATE	MAX_DBAR	CNT	NUM	N_TEMP	N_PHOTO	TEMP_DBAR	TEMP_VALS	N_COND	COND_DBAR	COND_VALS	N_SAL	SAL_DBAR	SAL_VALS	N_FLUORO	FLUORO_DBAR	FLUORO_VALS	N_OXY	OXY_DBAR	OXY_VALS	PHOTO_DBAR	PHOTO_VALS	QC_PROFILE	QC_TEMP	QC_SAL	SAL_CORRECTED_VALS	CREATED	MODIFIED	LON	LAT
gp24-416-20	210328	2021-02-25T23:11:48Z	66		0	14		2,10,14,20,22,26,30,36,40,44,50,54,60,66	10.230,10.213,10.213,10.185,10.155,10.136,10.109,10.055,9.981,9.948,9.831,9.659,9.472,9.404															0	0,0,0,0,0,0,0,0,0,0,0,0,0,0			2021-05-17T02:53:48Z	2021-05-18T05:54:25Z	-122.366108400224	37.1074200410159
gp24-416-20	210328	2021-02-26T11:05:48Z	102		0	15		2,10,20,30,40,44,48,50,60,72,75,94,98,100,102	11.448,11.456,11.448,11.448,11.411,11.284,11.018,10.982,10.609,10.231,10.218,9.861,9.736,9.647,9.566															0	0,0,0,0,0,0,0,0,0,0,0,0,0,0,0			2021-05-17T02:53:48Z	2021-05-18T05:54:25Z	-122.714372753045	37.1909497034033
gp24-416-20	210328	2021-02-26T11:38:24Z	492		0	15		2,10,20,36,50,72,98,100,150,166,200,300,400,440,492	11.389,11.410,11.389,11.327,10.820,10.007,9.459,9.397,8.770,8.465,8.097,7.305,6.658,6.353,6.234															0	0,0,0,0,0,0,0,0,0,0,0,0,0,0,0			2021-05-17T02:53:48Z	2021-05-18T05:54:25Z	-122.732627586971	37.1985805743425
gp24-416-20	210328	2021-02-26T15:15:00Z	310		0	15		2,10,20,30,50,64,82,98,100,150,200,230,250,300,310	11.390,11.373,11.373,11.339,10.641,10.142,9.880,9.495,9.495,8.649,8.285,8.086,7.723,7.173,7.160															0	0,0,0,0,0,0,0,0,0,0,0,0,0,0,0			2021-05-17T02:53:48Z	2021-05-18T05:54:25Z	-122.946635383163	37.15146639154
gp24-416-20	210328	2021-02-27T03:13:24Z	424		0	15		2,10,20,50,66,86,98,100,150,200,214,300,400,422,424	11.223,11.223,11.242,11.072,9.965,9.484,9.408,9.389,8.819,8.282,8.041,7.433,6.712,6.528,6.528															0	0,0,0,0,0,0,0,0,0,0,0,0,0,0,0			2021-05-17T02:53:48Z	2021-05-18T05:54:25Z	-123.349814385714	37.0586411932838
gp24-416-20	210328	2021-02-27T09:09:36Z	362		0	15		2,10,20,30,50,56,60,66,98,100,150,200,288,300,362	11.070,11.070,11.053,11.035,10.965,10.673,9.799,9.388,9.030,9.013,8.602,8.122,7.143,7.196,6.702															0	0,0,0,0,0,0,0,0,0,0,0,0,0,0,0			2021-05-17T02:53:48Z	2021-05-18T05:54:25Z	-123.53117084369	36.9768367258249
gp24-416-20	210328	2021-02-27T21:21:12Z	344		0	15		2,10,20,30,50,70,74,80,98,100,150,200,280,300,344	11.188,11.188,11.169,11.149,11.130,10.920,10.672,9.888,9.392,9.353,8.744,7.785,6.641,6.510,6.320															0	0,0,0,0,0,0,0,0,0,0,0,0,0,0,0			2021-05-17T02:53:48Z	2021-05-18T05:54:25Z	-123.928421075009	36.9496491959033
gp24-416-20	210328	2021-02-27T22:47:12Z	438		0	15		2,10,20,50,98,100,150,200,228,300,314,378,400,432,438	10.920,10.898,10.877,10.152,9.265,9.244,8.519,7.864,7.356,6.696,6.318,6.080,5.658,5.512,5.550															0	0,0,0,0,0,0,0,0,0,0,0,0,0,0,0			2021-05-17T02:53:48Z	2021-05-18T05:54:25Z	-123.950094959062	36.9711177023316
gp24-416-20	210328	2021-02-28T03:41:48Z	176		0	15		2,10,20,30,50,75,84,86,92,98,100,125,150,168,176	11.364,11.376,11.376,11.364,11.197,11.161,10.780,10.616,9.724,9.569,9.488,9.049,8.740,8.383,8.350															0	0,0,0,0,0,0,0,0,0,0,0,0,0,0,0			2021-05-17T02:53:48Z	2021-05-18T05:54:25Z	-124.190427031239	37.0108122996802
gp24-416-20	210328	2021-02-28T15:08:48Z	340		0	15		2,10,20,30,50,56,66,90,98,100,150,200,258,300,340	11.454,11.454,11.434,11.434,11.181,11.003,9.918,9.526,9.234,9.199,8.480,7.915,7.058,7.157,6.498															0	0,0,0,0,0,0,0,0,0,0,0,0,0,0,0			2021-05-17T02:53:48Z	2021-05-18T05:54:25Z	-124.516418485761	37.0551796950747
gp24-416-20	210328	2021-02-28T16:05:48Z	460		0	15		2,10,20,40,50,62,98,100,150,200,256,300,332,400,460	11.450,11.450,11.426,11.308,10.800,10.080,9.271,9.223,8.503,7.995,7.280,7.091,7.044,6.235,5.544															0	0,0,0,0,0,0,0,0,0,0,0,0,0,0,0			2021-05-17T02:53:48Z	2021-05-18T05:54:25Z	-124.543477973514	37.0681432705735
gp24-416-20	210328	2021-02-28T21:20:12Z	416		0	15		2,10,20,50,70,98,100,150,200,246,300,348,400,414,416	11.414,11.393,11.310,11.164,10.086,9.367,9.331,8.570,8.003,7.409,7.123,6.899,6.388,6.206,6.222															0	0,0,0,0,0,0,0,0,0,0,0,0,0,0,0			2021-05-17T02:53:48Z	2021-05-18T05:54:25Z	-124.709134885791	37.0805081119283
gp24-416-20	210328	2021-03-01T09:12:48Z	286		0	15		2,10,20,30,50,58,64,75,98,100,116,124,150,200,286	11.574,11.592,11.592,11.574,11.538,11.396,10.383,10.030,9.437,9.383,9.107,8.790,8.616,8.089,7.130															0	0,0,0,0,0,0,0,0,0,0,0,0,0,0,0			2021-05-17T02:53:48Z	2021-05-18T05:54:25Z	-125.198684918332	37.1884203365683
gp24-416-20	210328	2021-03-02T03:22:12Z	354		0	15		2,10,20,30,36,50,62,74,98,100,150,200,230,300,354	12.112,12.024,11.936,11.678,11.309,11.183,10.990,10.298,9.891,9.869,9.072,8.401,8.186,7.087,6.614															0	0,0,0,0,0,0,0,0,0,0,0,0,0,0,0			2021-05-17T02:53:48Z	2021-05-18T05:54:25Z	-125.969729773295	37.2864590077949
gp24-416-20	210328	2021-03-02T09:13:24Z	208		0	15		2,10,20,30,50,75,90,98,100,114,124,142,150,200,208	11.618,11.466,11.419,11.381,11.343,11.330,11.109,10.525,10.452,9.880,9.596,9.239,9.175,8.569,8.458															0	0,0,0,0,0,0,0,0,0,0,0,0,0,0,0			2021-05-17T02:53:48Z	2021-05-18T05:54:25Z	-126.264351414996	37.363491867784
gp24-416-20	210328	2021-03-02T10:21:00Z	286		0	15		2,10,20,30,50,66,75,90,98,100,116,150,200,242,286	11.642,11.608,11.506,11.408,11.290,11.090,10.576,10.190,10.190,10.156,9.676,9.094,8.508,7.778,7.396															0	0,0,0,0,0,0,0,0,0,0,0,0,0,0,0			2021-05-17T02:53:48Z	2021-05-18T05:54:25Z	-126.304132591544	37.3667264533199
gp24-416-20	210328	2021-03-02T19:19:00Z	772		0	15		2,10,20,50,68,88,98,100,116,200,300,408,500,700,772	11.230,11.039,10.902,10.854,10.635,10.957,10.506,10.396,9.515,8.387,7.150,5.838,5.223,4.635,4.396															0	0,0,0,0,0,0,0,0,0,0,0,0,0,0,0			2021-05-17T02:53:48Z	2021-05-18T05:54:25Z	-126.565841066256	37.3590384131777
gp24-416-20	210328	2021-03-03T02:14:12Z	516		0	15		2,10,20,50,98,100,114,144,200,300,348,400,500,504,516	11.880,11.498,11.090,10.837,10.863,10.811,10.630,9.309,8.674,7.664,7.204,6.239,5.404,5.404,5.404															0	0,0,0,0,0,0,0,0,0,0,0,0,0,0,0			2021-05-17T02:53:48Z	2021-05-18T05:54:25Z	-126.816473750355	37.4657540911233
gp24-416-20	210328	2021-03-03T08:33:24Z	450		0	15		2,10,20,50,72,94,100,150,200,300,328,336,382,400,450	12.802,12.802,12.775,12.748,12.531,10.778,10.805,9.296,8.660,7.516,7.279,6.961,6.718,6.325,6.034															0	0,0,0,0,0,0,0,0,0,0,0,0,0,0,0			2021-05-17T02:53:48Z	2021-05-18T05:54:25Z	-127.083922732023	37.6222730189433
gp24-416-20	210328	2021-03-03T10:11:24Z	552		0	15		2,10,20,50,70,82,98,100,144,200,300,400,500,522,552	12.657,12.686,12.686,12.571,12.371,11.081,11.053,11.024,9.140,8.552,7.456,6.475,5.601,5.522,5.522															0	0,0,0,0,0,0,0,0,0,0,0,0,0,0,0			2021-05-17T02:53:48Z	2021-05-18T05:54:25Z	-127.126833694943	37.6562360046919
gp24-416-20	210328	2021-03-03T16:58:48Z	544		0	15		2,10,20,50,86,94,98,100,156,200,300,400,456,500,544	12.726,12.726,12.726,12.697,12.466,11.361,11.253,11.195,9.665,8.986,7.766,6.466,5.983,5.925,5.506															0	0,0,0,0,0,0,0,0,0,0,0,0,0,0,0			2021-05-17T02:53:48Z	2021-05-18T05:54:25Z	-127.352049904037	37.7354591985863
gp24-416-20	210328	2021-03-03T20:26:24Z	688		0	15		2,10,20,50,70,84,98,100,162,200,300,400,500,624,688	12.900,12.867,12.833,12.800,12.699,10.859,10.499,10.399,8.859,8.499,7.253,6.433,5.446,5.153,4.534															0	0,0,0,0,0,0,0,0,0,0,0,0,0,0,0			2021-05-17T02:53:48Z	2021-05-18T05:54:25Z	-127.315703849243	37.8362477705946
gp24-416-20	210328	2021-03-04T02:32:24Z	512		0	15		2,10,20,50,84,98,100,124,140,200,300,400,500,502,512	13.290,13.259,13.228,13.197,12.979,11.788,11.422,9.990,9.958,8.923,7.763,6.751,5.506,5.506,5.529															0	0,0,0,0,0,0,0,0,0,0,0,0,0,0,0			2021-05-17T02:53:48Z	2021-05-18T05:54:25Z	-127.572962592619	37.9674165728178
gp24-416-20	210328	2021-03-04T15:18:12Z	312		0	14		2,10,20,30,50,62,66,74,98,100,150,200,300,312	12.802,12.802,12.778,12.778,12.729,12.493,12.185,10.992,9.976,9.903,8.765,8.124,6.841,6.750															0	0,0,0,0,0,0,0,0,0,0,0,0,0,0			2021-05-17T02:53:48Z	2021-05-18T05:54:25Z	-127.989921065502	38.2582391033556
gp24-416-20	210328	2021-03-04T20:31:36Z	618		0	15		2,10,20,50,68,84,98,100,148,200,256,300,400,500,618	11.812,11.812,11.812,11.588,10.903,9.721,9.315,9.259,8.518,8.350,7.560,7.175,6.217,5.419,4.818															0	0,0,0,0,0,0,0,0,0,0,0,0,0,0,0			2021-05-17T02:53:48Z	2021-05-18T05:54:25Z	-128.167986150093	38.3563580611249
gp24-416-20	210328	2021-03-05T15:04:12Z	230		0	15		2,10,20,30,50,75,86,98,100,106,114,150,178,200,230	11.732,11.748,11.732,11.716,11.436,10.895,10.646,9.840,9.686,9.299,9.034,8.600,8.169,8.059,7.798															0	0,0,0,0,0,0,0,0,0,0,0,0,0,0,0			2021-05-17T02:53:48Z	2021-05-18T05:54:25Z	-128.790991615948	38.7125330836038
gp24-416-20	210328	2021-03-05T16:13:36Z	566		0	14		2,10,20,50,62,98,100,116,130,200,300,400,500,566	11.701,11.701,11.728,11.675,11.542,10.183,10.103,9.245,8.905,8.046,6.948,6.035,5.456,5.070															0	0,0,0,0,0,0,0,0,0,0,0,0,0,0			2021-05-17T02:53:48Z	2021-05-18T05:54:25Z	-128.849721994296	38.73747955633
gp24-416-20	210328	2021-03-07T03:21:00Z	434		0	15		2,10,20,50,58,98,100,136,144,150,182,200,300,400,434	12.161,12.186,12.186,12.136,12.036,10.636,10.593,9.437,9.318,9.462,9.368,9.068,7.600,6.232,5.938															0	0,0,0,0,0,0,0,0,0,0,0,0,0,0,0			2021-05-17T02:53:48Z	2021-05-18T05:54:25Z	-129.98457840849	39.3170293872223
gp24-416-20	210328	2021-03-07T15:52:48Z	534		0	15		2,10,20,50,98,100,108,122,130,200,214,300,400,500,534	12.734,12.762,12.762,12.762,12.679,12.623,12.242,10.857,10.365,8.577,8.626,7.566,6.402,6.049,5.834															0	0,0,0,0,0,0,0,0,0,0,0,0,0,0,0			2021-05-17T02:53:48Z	2021-05-18T05:54:25Z	-130.387983994306	39.431613252683
gp24-416-20	210328	2021-03-08T11:30:36Z	634		0	15		2,10,20,50,80,98,100,132,144,172,200,300,400,500,634	12.347,12.378,12.378,12.347,12.252,11.326,11.232,9.819,9.850,8.893,8.492,7.417,6.279,5.321,4.528															0	0,0,0,0,0,0,0,0,0,0,0,0,0,0,0			2021-05-17T02:53:48Z	2021-05-18T05:54:25Z	-131.013177689138	39.8121081119385
gp24-416-20	210328	2021-03-08T15:12:36Z	284		0	15		2,10,20,30,50,68,75,98,100,108,128,140,150,200,284	11.620,11.636,11.636,11.636,11.620,11.587,11.380,10.328,10.263,9.755,9.053,9.085,9.499,8.703,7.574															0	0,0,0,0,0,0,0,0,0,0,0,0,0,0,0			2021-05-17T02:53:48Z	2021-05-18T05:54:25Z	-131.07690814655	39.8768919447521
gp24-416-20	210328	2021-03-08T16:14:36Z	512		0	15		2,10,20,50,76,98,100,142,182,200,300,400,448,500,512	11.641,11.641,11.666,11.641,11.539,10.074,9.998,8.849,8.875,8.653,7.358,6.191,5.665,5.468,5.322															0	0,0,0,0,0,0,0,0,0,0,0,0,0,0,0			2021-05-17T02:53:48Z	2021-05-18T05:54:25Z	-131.110639784114	39.9005798669076
gp24-416-20	210328	2021-03-08T20:26:00Z	622		0	15		2,10,20,50,98,100,108,114,146,200,300,400,500,618,622	11.664,11.637,11.664,11.637,11.366,11.184,10.203,9.831,8.743,8.242,7.309,6.119,5.511,4.902,4.949															0	0,0,0,0,0,0,0,0,0,0,0,0,0,0,0			2021-05-17T02:53:48Z	2021-05-18T05:54:25Z	-131.31168723791	39.9387468305695
gp24-416-20	210328	2021-03-09T08:23:12Z	506		0	15		2,10,20,50,98,100,104,112,128,170,200,300,400,500,506	12.376,12.404,12.404,12.376,12.294,12.266,12.025,11.074,10.296,8.966,8.373,7.292,6.293,5.535,5.514															0	0,0,0,0,0,0,0,0,0,0,0,0,0,0,0			2021-05-17T02:53:48Z	2021-05-18T05:54:25Z	-131.802769878109	40.1478015904119
gp24-416-20	210328	2021-03-09T16:34:48Z	602		0	15		2,10,20,50,84,98,100,104,122,200,300,348,400,500,602	12.476,12.446,12.476,12.446,12.264,11.316,11.194,10.747,9.973,8.426,7.508,6.644,5.992,5.362,4.892															0	0,0,0,0,0,0,0,0,0,0,0,0,0,0,0			2021-05-17T02:53:48Z	2021-05-18T05:54:25Z	-132.094500098006	40.3255421462889
gp24-416-20	210328	2021-03-09T20:08:00Z	554		0	15		2,10,20,50,98,100,112,120,128,140,200,300,400,500,554	12.539,12.570,12.570,12.570,12.416,12.385,12.052,10.840,10.145,9.720,8.600,7.233,6.267,5.418,4.846															0	0,0,0,0,0,0,0,0,0,0,0,0,0,0,0			2021-05-17T02:53:49Z	2021-05-18T05:54:25Z	-132.24728494861	40.3801728658427
gp24-416-20	210328	2021-03-09T21:01:36Z	692		0	15		2,10,20,50,78,98,100,136,200,300,400,500,584,688,692	12.587,12.620,12.620,12.554,12.456,11.907,11.842,9.983,8.599,7.411,6.158,5.355,4.586,4.430,4.430															0	0,0,0,0,0,0,0,0,0,0,0,0,0,0,0			2021-05-17T02:53:49Z	2021-05-18T05:54:25Z	-132.257179900485	40.3915796245971
gp24-416-20	210328	2021-03-10T14:24:24Z	554		0	15		2,10,20,50,98,100,108,118,156,200,234,300,400,500,554	11.712,11.712,11.712,11.684,11.547,11.464,10.437,9.899,9.058,8.548,8.003,7.438,5.949,5.032,4.818															0	0,0,0,0,0,0,0,0,0,0,0,0,0,0,0			2021-05-17T02:53:49Z	2021-05-18T05:54:25Z	-132.776951180987	40.6969674812461
gp24-416-20	210328	2021-03-10T20:20:36Z	682		0	15		2,10,20,50,98,100,106,114,118,160,200,300,400,500,682	11.488,11.488,11.459,11.459,11.401,11.372,11.286,10.239,10.123,8.910,8.484,7.322,5.712,4.918,4.268															0	0,0,0,0,0,0,0,0,0,0,0,0,0,0,0			2021-05-17T02:53:49Z	2021-05-18T05:54:25Z	-132.915950192397	40.7497823251267
gp24-416-20	210328	2021-03-11T14:20:12Z	522		0	15		2,10,20,50,98,100,110,136,164,200,272,300,400,500,522	11.952,11.952,11.952,11.924,11.725,11.640,10.781,9.610,8.914,8.332,7.828,7.438,6.103,5.017,4.854															0	0,0,0,0,0,0,0,0,0,0,0,0,0,0,0			2021-05-17T02:53:49Z	2021-05-18T05:54:25Z	-133.631853562642	41.1360586871568
gp24-416-20	210328	2021-03-12T02:26:00Z	618		0	15		2,10,20,50,80,98,100,136,200,300,400,432,448,500,618	12.036,11.945,11.914,11.884,11.793,11.231,11.109,9.377,8.397,7.447,6.338,5.866,5.418,4.848,4.438															0	0,0,0,0,0,0,0,0,0,0,0,0,0,0,0			2021-05-17T02:53:49Z	2021-05-18T05:54:25Z	-133.968339369725	41.2978201475785
gp24-416-20	210328	2021-03-12T15:31:36Z	310		0	15		2,10,20,30,50,98,100,128,150,158,170,200,220,300,310	12.073,12.092,12.073,12.055,12.017,11.943,11.924,11.704,10.770,10.112,9.636,8.921,8.319,7.473,7.422															0	0,0,0,0,0,0,0,0,0,0,0,0,0,0,0			2021-05-17T02:53:49Z	2021-05-18T05:54:25Z	-134.585850813257	41.4255030391391
gp24-416-20	210328	2021-03-12T16:30:12Z	588		0	15		2,10,20,50,98,100,138,148,176,200,300,400,500,580,588	12.148,12.120,12.092,11.980,11.868,11.868,11.484,10.694,9.569,9.017,7.543,6.306,5.621,5.160,5.160															0	0,0,0,0,0,0,0,0,0,0,0,0,0,0,0			2021-05-17T02:53:49Z	2021-05-18T05:54:25Z	-134.649636283811	41.4469347991698
gp24-416-20	210328	2021-03-12T20:34:12Z	660		0	15		2,10,20,50,98,100,136,140,154,180,200,300,400,500,660	12.222,12.192,12.161,12.131,12.101,12.101,11.805,11.593,10.199,9.191,8.918,7.819,6.425,5.652,4.644															0	0,0,0,0,0,0,0,0,0,0,0,0,0,0,0			2021-05-17T02:53:49Z	2021-05-18T05:54:25Z	-134.79000689788	41.5005611888555
gp24-416-20	210328	2021-03-13T02:11:48Z	528		0	15		2,10,20,50,98,100,124,136,152,200,300,334,400,500,528	12.222,12.194,12.138,12.055,12.027,12.027,11.728,10.719,9.737,8.860,7.635,7.385,6.299,5.422,5.262															0	0,0,0,0,0,0,0,0,0,0,0,0,0,0,0			2021-05-17T02:53:49Z	2021-05-18T05:54:25Z	-134.896899081068	41.5342547991652
gp24-416-20	210328	2021-03-13T15:19:36Z	346		0	15		2,10,20,30,50,98,100,114,130,150,200,272,300,342,346	11.662,11.682,11.662,11.662,11.642,10.969,10.949,10.165,10.125,9.256,8.252,7.740,7.207,6.660,6.660															0	0,0,0,0,0,0,0,0,0,0,0,0,0,0,0			2021-05-17T02:53:49Z	2021-05-18T05:54:25Z	-135.475246570329	41.7440991635921
gp24-416-20	210328	2021-03-13T16:39:48Z	688		0	15		2,10,20,50,98,100,114,138,200,228,280,300,400,500,688	11.662,11.662,11.662,11.692,11.454,11.395,10.348,9.070,8.453,7.815,7.525,7.146,5.750,4.873,4.264															0	0,0,0,0,0,0,0,0,0,0,0,0,0,0,0			2021-05-17T02:53:49Z	2021-05-18T05:54:25Z	-135.4567021589	41.8211642304258
gp24-416-20	210328	2021-03-13T20:09:36Z	566		0	15		2,10,20,40,50,84,94,98,100,124,200,300,400,500,566	11.865,11.894,11.865,11.660,11.256,11.403,11.256,11.000,10.912,9.446,8.355,7.321,5.856,4.852,4.566															0	0,0,0,0,0,0,0,0,0,0,0,0,0,0,0			2021-05-17T02:53:49Z	2021-05-18T05:54:25Z	-135.492296779855	41.8743497572264
gp24-416-20	210328	2021-03-13T21:51:24Z	716		0	15		2,10,20,50,82,98,100,114,140,200,300,442,500,700,716	11.757,11.788,11.788,11.757,11.603,11.180,11.026,10.064,9.340,8.432,7.192,5.291,4.844,4.090,4.090															0	0,0,0,0,0,0,0,0,0,0,0,0,0,0,0			2021-05-17T02:53:49Z	2021-05-18T05:54:25Z	-135.559566757991	41.9018905936631
gp24-416-20	210328	2021-03-14T08:25:12Z	498		0	15		2,10,20,50,100,102,120,132,150,184,200,300,400,442,498	11.095,11.095,11.095,11.095,11.144,11.144,10.971,10.099,9.468,8.280,8.082,7.210,5.997,5.391,4.958															0	0,0,0,0,0,0,0,0,0,0,0,0,0,0,0			2021-05-17T02:53:49Z	2021-05-18T05:54:25Z	-135.954411489029	42.1234695521724
gp24-416-20	210328	2021-03-14T15:26:24Z	578		0	15		2,10,20,50,98,100,116,124,138,152,200,300,400,500,578	10.990,10.964,10.990,10.990,10.964,10.964,10.837,10.032,9.910,9.182,8.230,7.081,5.650,4.947,4.602															0	0,0,0,0,0,0,0,0,0,0,0,0,0,0,0			2021-05-17T02:53:49Z	2021-05-18T05:54:25Z	-136.102922579466	42.247909841414
gp24-416-20	210328	2021-03-14T20:07:12Z	538		0	15		2,10,20,50,100,102,112,128,168,200,232,300,400,500,538	11.026,11.026,11.026,11.026,11.130,11.130,10.974,9.828,8.754,8.292,7.706,6.866,5.564,4.770,4.620															0	0,0,0,0,0,0,0,0,0,0,0,0,0,0,0			2021-05-17T02:53:49Z	2021-05-18T05:54:25Z	-136.304089358235	42.3477107934157
gp24-416-20	210328	2021-03-14T21:22:00Z	798		0	15		2,10,20,50,98,100,114,126,172,200,300,438,500,700,798	11.036,11.036,11.036,11.036,11.122,11.093,10.893,9.853,8.641,8.390,7.071,5.128,4.734,4.146,3.952															0	0,0,0,0,0,0,0,0,0,0,0,0,0,0,0			2021-05-17T02:53:49Z	2021-05-18T05:54:25Z	-136.341293249777	42.3484345248541
gp24-416-20	210328	2021-03-15T08:17:48Z	552		0	15		2,10,20,50,86,98,100,134,156,200,246,300,400,500,552	11.207,11.234,11.234,11.207,11.181,10.894,10.814,9.113,8.586,8.146,7.305,7.019,5.738,4.797,4.564															0	0,0,0,0,0,0,0,0,0,0,0,0,0,0,0			2021-05-17T02:53:49Z	2021-05-18T05:54:25Z	-136.734187915203	42.4615582549296
gp24-416-20	210328	2021-03-15T15:15:12Z	514		0	15		2,10,20,50,98,100,110,116,134,162,200,300,400,500,514	11.148,11.174,11.174,11.174,11.123,11.123,10.745,9.565,8.982,8.232,7.956,6.950,5.693,4.835,4.764															0	0,0,0,0,0,0,0,0,0,0,0,0,0,0,0			2021-05-17T02:53:49Z	2021-05-18T05:54:25Z	-137.029159014615	42.6502275786518
gp24-416-20	210328	2021-03-16T08:27:12Z	604		0	15		2,10,20,50,98,100,112,142,200,254,300,400,500,602,604	10.679,10.679,10.704,10.704,10.679,10.679,10.580,9.345,8.814,7.868,7.306,6.052,4.983,4.526,4.526															0	0,0,0,0,0,0,0,0,0,0,0,0,0,0,0			2021-05-17T02:53:49Z	2021-05-18T05:54:25Z	-137.599082453785	43.0881483308725
gp24-416-20	210328	2021-03-16T19:40:00Z	684		0	15		2,10,20,50,98,100,132,154,184,200,232,300,400,500,684	10.980,10.953,10.953,10.953,10.820,10.793,10.586,9.353,8.699,8.699,8.152,7.472,5.931,5.037,4.310															0	0,0,0,0,0,0,0,0,0,0,0,0,0,0,0			2021-05-17T02:53:49Z	2021-05-18T05:54:25Z	-138.016892216486	42.9233090632683
gp24-416-20	210328	2021-03-17T02:11:12Z	568		0	15		2,10,20,50,100,126,134,154,200,244,278,300,400,500,568	10.276,10.276,10.276,10.299,10.299,10.346,10.229,9.264,8.393,7.727,7.639,7.318,5.921,4.909,4.500															0	0,0,0,0,0,0,0,0,0,0,0,0,0,0,0			2021-05-17T02:53:49Z	2021-05-18T05:54:26Z	-138.316047653277	43.0986179160195
gp24-416-20	210328	2021-03-17T14:09:12Z	558		0	15		2,10,20,50,98,100,110,132,150,200,300,384,400,500,558	10.472,10.449,10.425,10.308,10.102,10.079,9.961,9.016,9.063,8.511,6.925,6.050,5.751,4.941,4.600															0	0,0,0,0,0,0,0,0,0,0,0,0,0,0,0			2021-05-17T02:53:49Z	2021-05-18T05:54:26Z	-138.767207363655	43.0636307287777
gp24-416-20	210328	2021-03-17T20:12:24Z	630		0	15		2,10,20,50,98,100,124,136,182,200,234,300,400,500,630	10.164,10.140,10.140,10.140,9.928,9.905,9.769,9.003,8.750,8.361,7.689,6.835,5.792,4.867,4.272															0	0,0,0,0,0,0,0,0,0,0,0,0,0,0,0			2021-05-17T02:53:49Z	2021-05-18T05:54:26Z	-138.977643950502	43.1851942997508
gp24-416-20	210328	2021-03-18T15:03:24Z	196		0	15		2,10,20,30,50,75,98,100,114,125,126,150,172,178,196	9.570,9.576,9.576,9.576,9.576,9.570,9.495,9.472,9.189,9.367,9.414,9.016,8.768,8.503,8.106															0	0,0,0,0,0,0,0,0,0,0,0,0,0,0,0			2021-05-17T02:53:49Z	2021-05-18T05:54:26Z	-139.591029625469	43.4198761319129
gp24-416-20	210328	2021-03-18T15:56:36Z	564		0	15		2,10,20,50,98,100,126,170,190,200,206,300,400,500,564	9.410,9.410,9.410,9.430,9.410,9.410,9.410,8.675,8.026,7.965,7.688,6.410,5.302,4.633,4.396															0	0,0,0,0,0,0,0,0,0,0,0,0,0,0,0			2021-05-17T02:53:49Z	2021-05-18T05:54:26Z	-139.551124851502	43.4791979177397
gp24-416-20	210328	2021-03-18T16:46:00Z	722		0	15		2,10,20,50,98,100,112,200,206,226,300,410,500,700,722	9.448,9.470,9.470,9.470,9.470,9.448,9.426,8.293,7.877,7.421,6.527,5.267,4.634,3.979,3.918															0	0,0,0,0,0,0,0,0,0,0,0,0,0,0,0			2021-05-17T02:53:49Z	2021-05-18T05:54:26Z	-139.5551364394	43.5171383428679
gp24-416-20	210328	2021-03-19T02:16:24Z	612		0	15		2,10,20,50,100,112,140,200,244,266,300,348,400,500,612	9.563,9.584,9.563,9.458,9.394,9.394,8.921,8.547,7.847,7.310,6.857,6.194,5.720,4.752,4.320															0	0,0,0,0,0,0,0,0,0,0,0,0,0,0,0			2021-05-17T02:53:49Z	2021-05-18T05:54:26Z	-139.705489006253	43.7159241290781
gp24-416-20	210328	2021-03-19T09:13:24Z	402		0	15		2,10,20,50,100,112,124,150,184,200,248,300,378,400,402	9.308,9.322,9.322,9.337,9.337,9.442,9.222,9.177,8.811,8.530,7.682,6.920,5.837,5.706,5.706															0	0,0,0,0,0,0,0,0,0,0,0,0,0,0,0			2021-05-17T02:53:49Z	2021-05-18T05:54:26Z	-139.994420125356	43.8537104280052
gp24-416-20	210328	2021-03-19T19:48:36Z	682		0	15		2,10,20,50,98,100,136,184,200,216,300,400,444,500,682	9.588,9.588,9.588,9.610,9.610,9.588,9.203,9.225,8.905,8.460,7.119,5.649,5.096,4.819,4.184															0	0,0,0,0,0,0,0,0,0,0,0,0,0,0,0			2021-05-17T02:53:49Z	2021-05-18T05:54:26Z	-140.096522454078	43.9401742033016
gp24-416-20	210328	2021-03-20T02:00:24Z	682		0	15		2,10,20,50,100,114,170,200,248,300,400,472,500,558,682	9.047,9.047,9.047,9.047,9.067,9.250,9.088,8.590,7.459,6.718,5.703,5.110,5.008,4.572,4.176															0	0,0,0,0,0,0,0,0,0,0,0,0,0,0,0			2021-05-17T02:53:49Z	2021-05-18T05:54:26Z	-140.500849819778	44.0668783328149
gp24-416-20	210328	2021-03-20T15:18:24Z	296		0	15		2,10,20,30,50,75,100,108,114,126,150,178,200,268,296	8.635,8.603,8.570,8.541,8.476,8.372,8.350,8.498,8.970,9.214,9.045,8.782,8.246,6.846,6.532															0	0,0,0,0,0,0,0,0,0,0,0,0,0,0,0			2021-05-17T02:53:49Z	2021-05-18T05:54:26Z	-141.117021060274	44.3072283733989
gp24-416-20	210328	2021-03-20T15:45:00Z	552		0	15		2,10,20,50,100,106,116,122,148,200,224,300,400,500,552	8.717,8.698,8.666,8.480,8.392,8.791,8.828,9.084,9.158,8.461,7.737,6.478,5.331,4.732,4.514															0	0,0,0,0,0,0,0,0,0,0,0,0,0,0,0			2021-05-17T02:53:49Z	2021-05-18T05:54:26Z	-141.142197108176	44.3174032606457
gp24-416-20	210328	2021-03-21T01:14:00Z	696		0	15		2,10,20,50,100,122,134,152,178,200,300,400,500,694,696	8.790,8.790,8.775,8.653,8.475,8.530,9.034,8.032,8.174,7.854,6.059,5.021,4.482,3.948,3.948															0	0,0,0,0,0,0,0,0,0,0,0,0,0,0,0			2021-05-17T02:53:49Z	2021-05-18T05:54:26Z	-141.370154821566	44.3868791247834
gp24-416-20	210328	2021-03-21T08:19:00Z	610		0	14		2,10,20,50,100,124,160,200,232,300,328,400,500,610	8.200,8.200,8.200,8.185,8.185,8.232,7.873,7.226,6.714,5.941,5.507,4.982,4.659,4.288															0	0,0,0,0,0,0,0,0,0,0,0,0,0,0			2021-05-17T02:53:49Z	2021-05-18T05:54:26Z	-141.556049013118	44.504565310852
gp24-416-20	210328	2021-03-21T17:59:00Z	720		0	15		2,10,20,50,100,130,140,152,180,200,300,414,500,700,720	7.975,7.975,7.940,7.852,7.752,7.787,8.250,7.870,7.787,7.389,6.157,4.942,4.479,3.911,3.880															0	0,0,0,0,0,0,0,0,0,0,0,0,0,0,0			2021-05-17T02:53:49Z	2021-05-18T05:54:26Z	-142.038011184589	44.6051164705878
gp24-416-20	210328	2021-03-21T19:25:24Z	678		0	15		2,10,20,50,68,100,124,140,172,200,300,346,400,500,678	8.165,8.165,8.149,8.001,7.752,7.735,7.786,8.216,7.883,7.272,5.982,5.404,5.054,4.493,4.000															0	0,0,0,0,0,0,0,0,0,0,0,0,0,0,0			2021-05-17T02:53:49Z	2021-05-18T05:54:26Z	-142.069885176799	44.6137709920166
gp24-416-20	210328	2021-03-22T08:07:36Z	562		0	15		2,10,20,50,100,150,166,200,224,300,364,400,446,500,562	8.029,8.029,7.951,7.920,7.845,7.904,8.276,7.998,7.352,6.417,5.419,5.145,4.804,4.589,4.362															0	0,0,0,0,0,0,0,0,0,0,0,0,0,0,0			2021-05-17T02:53:49Z	2021-05-18T05:54:26Z	-142.295065670255	44.6947992530758
gp24-416-20	210328	2021-03-22T16:25:12Z	580		0	15		2,10,20,50,100,126,136,146,164,200,222,300,400,500,580	8.047,8.030,7.977,7.824,7.789,7.841,8.319,8.319,8.736,8.012,7.512,6.376,5.293,4.622,4.350															0	0,0,0,0,0,0,0,0,0,0,0,0,0,0,0			2021-05-17T02:53:49Z	2021-05-18T05:54:26Z	-142.4601826114	44.7830199359865
gp24-416-20	210328	2021-03-22T17:35:48Z	728		0	15		2,10,20,50,100,126,136,152,170,200,300,402,500,700,728	8.241,8.241,8.221,7.932,7.858,7.951,8.858,8.069,8.392,7.819,6.241,5.203,4.649,4.031,3.958															0	0,0,0,0,0,0,0,0,0,0,0,0,0,0,0			2021-05-17T02:53:49Z	2021-05-18T05:54:26Z	-142.539721412768	44.7930860977514
gp24-416-20	210328	2021-03-22T19:11:36Z	738		0	15		2,10,20,50,100,118,128,140,184,200,300,384,500,700,738	8.217,8.217,8.217,7.967,7.930,8.017,8.468,8.035,7.839,7.570,6.303,5.318,4.603,3.997,3.910															0	0,0,0,0,0,0,0,0,0,0,0,0,0,0,0			2021-05-17T02:53:49Z	2021-05-18T05:54:26Z	-142.638831788084	44.8020313907285
gp24-416-20	210328	2021-03-23T02:04:36Z	724		0	15		2,10,20,50,100,116,124,130,150,200,300,388,500,700,724	8.594,8.575,8.557,8.284,7.955,7.992,8.427,8.501,8.557,7.829,6.356,5.156,4.576,3.992,3.960															0	0,0,0,0,0,0,0,0,0,0,0,0,0,0,0			2021-05-17T02:53:49Z	2021-05-18T05:54:26Z	-142.916007413973	44.8774934932221
gp24-416-20	210328	2021-03-23T07:14:12Z	682		0	15		2,10,20,50,100,174,186,200,242,300,400,452,500,564,682	8.704,8.704,8.667,8.575,8.501,8.612,8.519,8.195,7.340,6.725,5.439,4.894,4.732,4.367,4.080															0	0,0,0,0,0,0,0,0,0,0,0,0,0,0,0			2021-05-17T02:53:49Z	2021-05-18T05:54:26Z	-143.267288883669	44.7971667333009
gp24-416-20	210328	2021-03-23T20:18:48Z	596		0	15		2,10,20,50,100,114,146,158,200,236,300,400,432,500,596	8.660,8.625,8.590,8.502,8.450,8.485,8.314,8.384,7.766,7.061,6.220,5.169,4.828,4.534,4.280															0	0,0,0,0,0,0,0,0,0,0,0,0,0,0,0			2021-05-17T02:53:49Z	2021-05-18T05:54:26Z	-143.481174545099	45.014285207433
gp24-416-20	210328	2021-03-23T21:32:48Z	734		0	15		2,10,20,50,100,136,144,172,200,224,300,428,500,700,734	8.670,8.632,8.575,8.479,8.441,8.498,8.331,8.274,7.788,7.321,6.257,4.889,4.536,3.974,3.902															0	0,0,0,0,0,0,0,0,0,0,0,0,0,0,0			2021-05-17T02:53:49Z	2021-05-18T05:54:26Z	-143.524674921258	45.0256661514664
gp24-416-20	210328	2021-03-24T07:40:48Z	704		0	15		2,10,20,50,100,128,138,152,182,200,300,394,500,700,704	8.532,8.550,8.532,8.440,8.152,8.134,8.225,7.919,7.599,7.722,6.181,5.106,4.603,3.990,3.976															0	0,0,0,0,0,0,0,0,0,0,0,0,0,0,0			2021-05-17T02:53:49Z	2021-05-18T05:54:26Z	-143.688349185217	45.1408884272858
gp24-416-20	210328	2021-03-24T20:28:48Z	580		0	15		2,10,20,50,70,100,132,156,178,200,300,360,400,500,580	8.518,8.484,8.467,8.315,8.150,8.099,8.167,7.752,7.587,7.205,5.990,5.296,5.046,4.513,4.284															0	0,0,0,0,0,0,0,0,0,0,0,0,0,0,0			2021-05-17T02:53:49Z	2021-05-18T05:54:26Z	-144.311973175708	45.2783724933871
gp24-416-20	210328	2021-03-25T02:33:36Z	634		0	15		2,10,20,50,72,100,124,128,134,152,200,300,400,500,634	8.544,8.403,8.385,8.301,8.041,7.988,7.674,7.763,8.248,7.661,7.087,5.896,5.013,4.510,4.130															0	0,0,0,0,0,0,0,0,0,0,0,0,0,0,0			2021-05-17T02:53:49Z	2021-05-18T05:54:26Z	-144.50510610741	45.2774001440807
gp24-416-20	210328	2021-03-25T08:12:48Z	582		0	15		2,10,20,50,100,118,130,200,246,300,360,400,500,580,582	8.270,8.270,8.219,8.072,7.841,7.774,8.534,7.233,6.473,6.112,5.239,5.041,4.466,4.336,4.336															0	0,0,0,0,0,0,0,0,0,0,0,0,0,0,0			2021-05-17T02:53:49Z	2021-05-18T05:54:26Z	-144.633416332166	45.3109390174486
gp24-416-20	210328	2021-03-25T14:11:24Z	570		0	15		2,10,20,50,82,100,122,136,200,228,300,372,400,500,570	8.008,8.153,8.203,8.037,7.810,7.487,7.487,8.430,7.521,7.016,6.222,5.234,5.040,4.457,4.296															0	0,0,0,0,0,0,0,0,0,0,0,0,0,0,0			2021-05-17T02:53:49Z	2021-05-18T05:54:26Z	-144.795565750007	45.3262788159234
gp24-416-20	210328	2021-03-25T21:44:12Z	520		0	15		2,10,20,50,100,126,130,136,180,200,226,300,400,500,520	8.116,7.933,7.886,7.410,7.351,7.398,7.625,8.378,8.023,7.597,7.012,6.172,5.024,4.533,4.474															0	0,0,0,0,0,0,0,0,0,0,0,0,0,0,0			2021-05-17T02:53:49Z	2021-05-18T05:54:26Z	-145.02757511757	45.3648197025144
gp24-416-20	210328	2021-03-25T22:10:36Z	690		0	15		2,10,20,40,50,100,124,138,174,200,244,300,400,500,690	8.267,8.098,8.012,7.860,7.487,7.366,7.453,8.406,8.081,7.552,6.772,6.161,4.986,4.527,4.072															0	0,0,0,0,0,0,0,0,0,0,0,0,0,0,0			2021-05-17T02:53:49Z	2021-05-18T05:54:26Z	-145.037713918068	45.3673995853749
gp24-416-20	210328	2021-03-26T13:33:36Z	680		0	15		2,10,20,50,100,110,122,138,160,200,224,300,400,500,680	8.772,8.735,8.571,8.440,8.402,8.458,8.810,8.383,8.276,7.615,7.207,6.344,5.242,4.708,4.122															0	0,0,0,0,0,0,0,0,0,0,0,0,0,0,0			2021-05-17T02:53:49Z	2021-05-18T05:54:26Z	-145.470934236474	45.4253154977373
gp24-416-20	210328	2021-03-26T21:27:24Z	474		0	15		2,10,20,50,100,110,128,140,150,200,248,300,354,400,474	8.850,8.834,8.769,8.578,8.354,8.305,8.655,8.370,8.464,7.858,7.017,6.424,5.599,5.168,4.786															0	0,0,0,0,0,0,0,0,0,0,0,0,0,0,0			2021-05-17T02:53:49Z	2021-05-18T05:54:26Z	-145.585365835161	45.4283722025298
gp24-416-20	210328	2021-03-26T23:04:00Z	672		0	15		2,10,20,50,100,128,136,170,200,266,300,350,400,500,672	8.682,8.664,8.627,8.392,8.226,8.281,8.553,8.373,7.848,6.747,6.313,5.535,5.102,4.576,4.074															0	0,0,0,0,0,0,0,0,0,0,0,0,0,0,0			2021-05-17T02:53:49Z	2021-05-18T05:54:26Z	-145.661353152536	45.4220134338771
gp24-416-20	210328	2021-03-27T01:22:00Z	714		0	15		2,10,20,50,100,122,140,166,200,244,300,396,500,700,714	8.708,8.689,8.632,8.480,8.332,8.480,8.237,8.294,7.604,6.710,5.982,4.992,4.564,3.983,3.950															0	0,0,0,0,0,0,0,0,0,0,0,0,0,0,0			2021-05-17T02:53:49Z	2021-05-18T05:54:26Z	-145.769906592876	45.4129294785828
gp24-416-20	210328	2021-03-27T07:23:00Z	686		0	15		2,10,20,50,100,124,144,174,200,238,300,362,400,500,686	8.502,8.502,8.484,8.276,8.241,8.241,7.980,7.825,7.391,6.732,6.068,5.306,5.028,4.612,4.076															0	0,0,0,0,0,0,0,0,0,0,0,0,0,0,0			2021-05-17T02:53:49Z	2021-05-18T05:54:26Z	-146.095058748571	45.5075000595076
gp24-416-20	210328	2021-03-27T14:07:24Z	684		0	15		2,10,20,50,100,114,130,164,200,254,300,368,400,500,684	8.464,8.464,8.464,8.304,8.250,8.286,8.009,7.849,7.221,6.312,5.804,5.122,4.966,4.583,4.008															0	0,0,0,0,0,0,0,0,0,0,0,0,0,0,0			2021-05-17T02:53:49Z	2021-05-18T05:54:26Z	-146.381858730724	45.5656624475261
gp24-416-20	210328	2021-03-27T20:27:00Z	722		0	15		2,10,20,50,98,100,136,162,200,300,340,380,500,700,722	8.428,8.410,8.374,8.199,8.285,8.285,8.020,7.953,7.442,6.017,5.421,5.067,4.560,3.995,3.946															0	0,0,0,0,0,0,0,0,0,0,0,0,0,0,0			2021-05-17T02:53:49Z	2021-05-18T05:54:26Z	-146.492746860275	45.6314096511657
gp24-416-20	210328	2021-03-28T08:12:12Z	522		0	15		2,10,20,50,84,100,104,108,154,200,300,346,400,500,522	7.814,7.814,7.814,7.926,7.970,7.756,7.785,8.028,7.770,6.903,5.492,5.053,4.766,4.454,4.400															0	0,0,0,0,0,0,0,0,0,0,0,0,0,0,0			2021-05-17T02:53:49Z	2021-05-18T05:54:26Z	-146.912431443987	45.7428033468286
gp24-416-20	210328	2021-03-28T21:09:00Z	324		0	15		2,10,20,30,50,76,100,116,124,150,152,170,200,300,324	7.766,7.756,7.756,7.746,7.561,7.246,7.199,7.226,7.589,7.934,7.954,7.894,7.276,5.629,5.454															0	0,0,0,0,0,0,0,0,0,0,0,0,0,0,0			2021-05-17T02:53:49Z	2021-05-18T05:54:26Z	-147.224158793131	45.7639942571265
gp24-416-20	210328	2021-03-28T21:56:12Z	490		0	15		2,10,20,50,100,128,148,150,180,200,234,300,350,400,490	7.743,7.743,7.743,7.729,7.410,7.300,8.052,8.024,7.786,7.286,6.577,5.658,5.073,4.797,4.506															0	0,0,0,0,0,0,0,0,0,0,0,0,0,0,0			2021-05-17T02:53:49Z	2021-05-18T05:54:26Z	-147.24903903112	45.7680288303865
gp24-416-20	210328	2021-03-28T22:19:24Z	656		0	15		2,10,20,50,68,84,100,120,138,174,200,300,400,500,656	7.753,7.753,7.738,7.738,7.659,7.228,7.259,7.212,8.050,7.801,7.180,5.721,4.808,4.483,4.096															0	0,0,0,0,0,0,0,0,0,0,0,0,0,0,0			2021-05-17T02:53:49Z	2021-05-18T05:54:26Z	-147.261268305051	45.7700119257365
gp24-416-20	210328	2021-03-29T02:14:00Z	594		0	15		2,10,20,50,70,100,124,130,134,164,200,300,400,500,594	7.768,7.753,7.753,7.669,7.367,7.196,7.254,7.753,7.884,7.826,7.269,5.940,4.914,4.513,4.244															0	0,0,0,0,0,0,0,0,0,0,0,0,0,0,0			2021-05-17T02:53:49Z	2021-05-18T05:54:26Z	-147.384931455471	45.7900651222076
gp24-416-20	210328	2021-03-29T08:20:12Z	688		0	15		2,10,20,50,82,100,114,136,144,200,236,300,400,500,688	7.724,7.724,7.724,7.690,7.544,7.202,7.218,8.071,8.104,7.431,6.675,5.806,4.908,4.482,3.926															0	0,0,0,0,0,0,0,0,0,0,0,0,0,0,0			2021-05-17T02:53:49Z	2021-05-18T05:54:26Z	-147.653767605807	45.8047537479085
gp24-416-20	210328	2021-03-29T13:46:00Z	694		0	15		2,10,20,50,82,100,148,170,200,300,360,400,430,500,694	7.693,7.708,7.693,7.664,7.404,7.448,7.291,7.547,7.189,5.985,5.253,4.939,4.679,4.537,4.050															0	0,0,0,0,0,0,0,0,0,0,0,0,0,0,0			2021-05-17T02:53:49Z	2021-05-18T05:54:26Z	-147.439168574631	45.6899899309559
gp24-416-20	210328	2021-03-29T20:09:12Z	722		0	15		2,10,20,50,100,118,144,158,200,300,352,402,500,700,722	7.810,7.794,7.794,7.778,7.529,7.529,7.497,7.232,7.061,5.694,5.136,4.811,4.422,3.907,3.848															0	0,0,0,0,0,0,0,0,0,0,0,0,0,0,0			2021-05-17T02:53:49Z	2021-05-18T05:54:26Z	-148.013541996496	45.7980202713223
gp24-416-20	210328	2021-03-30T07:38:24Z	680		0	15		2,10,20,50,100,114,134,200,276,300,342,358,400,500,680	7.425,7.425,7.440,7.527,7.307,7.200,7.710,6.767,5.633,5.515,4.800,4.994,4.754,4.366,3.906															0	0,0,0,0,0,0,0,0,0,0,0,0,0,0,0			2021-05-17T02:53:49Z	2021-05-18T05:54:26Z	-148.318949732767	45.8077252887828
gp24-416-20	210328	2021-03-30T21:04:00Z	242		0	15		2,10,20,30,50,75,88,100,110,122,132,150,186,200,242	7.438,7.432,7.412,7.380,7.350,7.286,7.249,7.086,7.187,6.942,7.086,7.092,6.697,6.440,5.838															0	0,0,0,0,0,0,0,0,0,0,0,0,0,0,0			2021-05-17T02:53:49Z	2021-05-18T05:54:26Z	-148.620707474955	45.9552073901349
gp24-416-20	210328	2021-03-30T21:26:36Z	386		0	15		2,10,20,30,50,98,100,122,150,200,254,300,318,350,386	7.488,7.476,7.463,7.439,7.294,7.100,7.087,6.979,7.075,6.496,5.697,5.201,4.911,4.791,4.406															0	0,0,0,0,0,0,0,0,0,0,0,0,0,0,0			2021-05-17T02:53:49Z	2021-05-18T05:54:26Z	-148.631224205423	45.9589053766706
gp24-416-20	210328	2021-03-31T01:21:24Z	696		0	15		2,10,20,50,100,122,132,160,200,300,362,400,500,556,696	7.294,7.308,7.322,7.308,7.211,6.970,7.253,6.970,6.358,5.084,4.462,4.300,4.286,4.082,3.868															0	0,0,0,0,0,0,0,0,0,0,0,0,0,0,0			2021-05-17T02:53:49Z	2021-05-18T05:54:26Z	-148.739958616342	45.9951934644693
gp24-416-20	210328	2021-03-31T19:57:24Z	682		0	15		2,10,20,50,100,116,144,200,246,300,324,400,500,680,682	7.166,7.153,7.153,7.140,6.865,6.865,6.788,6.047,5.295,4.761,4.566,4.477,4.139,3.854,3.854															0	0,0,0,0,0,0,0,0,0,0,0,0,0,0,0			2021-05-17T02:53:49Z	2021-05-18T05:54:26Z	-149.247407332404	46.094964034931
gp24-416-20	210328	2021-04-01T02:17:12Z	658		0	15		2,10,20,50,68,100,130,180,200,270,300,352,400,500,658	7.188,7.188,7.188,7.081,6.883,6.856,6.856,6.437,6.005,5.056,4.872,4.480,4.570,4.151,3.836															0	0,0,0,0,0,0,0,0,0,0,0,0,0,0,0			2021-05-17T02:53:49Z	2021-05-18T05:54:26Z	-149.130205991165	46.0983614191055
gp24-416-20	210328	2021-04-01T07:52:48Z	684		0	15		2,10,20,50,100,126,164,200,224,240,300,328,400,500,684	7.148,7.135,7.148,6.898,6.818,6.845,6.585,5.972,5.682,5.252,4.716,4.492,4.532,4.143,3.816															0	0,0,0,0,0,0,0,0,0,0,0,0,0,0,0			2021-05-17T02:53:49Z	2021-05-18T05:54:26Z	-149.181456733174	46.0181755369789
gp24-416-20	210328	2021-04-01T13:11:36Z	688		0	15		2,10,20,50,64,100,124,172,200,240,300,332,400,500,688	7.109,7.109,7.122,7.095,6.884,6.686,6.830,6.358,5.818,5.188,4.688,4.450,4.517,4.122,3.770															0	0,0,0,0,0,0,0,0,0,0,0,0,0,0,0			2021-05-17T02:53:49Z	2021-05-18T05:54:26Z	-149.196425598788	46.0827995172238
gp24-416-20	210328	2021-04-02T02:16:24Z	664		0	15		2,10,20,50,66,100,122,152,200,264,300,346,400,500,664	7.020,7.007,7.007,6.932,6.686,6.611,6.771,6.674,5.931,4.958,4.709,4.363,4.228,4.215,3.872															0	0,0,0,0,0,0,0,0,0,0,0,0,0,0,0			2021-05-17T02:53:49Z	2021-05-18T05:54:26Z	-149.554467603231	46.054649342405
gp24-416-20	210328	2021-04-02T08:24:12Z	688		0	15		2,10,20,50,100,116,144,200,228,300,354,400,500,686,688	6.987,6.987,7.000,6.800,6.524,6.452,6.762,5.992,5.358,4.873,4.401,4.277,4.150,3.830,3.830															0	0,0,0,0,0,0,0,0,0,0,0,0,0,0,0			2021-05-17T02:53:49Z	2021-05-18T05:54:26Z	-149.918920922025	45.9882235832149
gp24-416-20	210328	2021-04-02T13:18:00Z	712		0	15		2,10,20,50,100,136,158,200,244,300,330,384,500,700,712	6.899,6.899,6.912,6.861,6.376,6.610,6.525,5.865,5.055,4.846,4.497,4.284,4.160,3.760,3.738															0	0,0,0,0,0,0,0,0,0,0,0,0,0,0,0			2021-05-17T02:53:49Z	2021-05-18T05:54:26Z	-150.043101128177	46.0215035184531
gp24-416-20	210328	2021-04-03T01:32:24Z	678		0	15		2,10,20,50,70,100,118,142,200,300,364,400,454,500,678	6.894,6.882,6.870,6.677,6.365,6.292,6.304,6.857,6.173,4.999,4.471,4.388,4.159,4.281,3.838															0	0,0,0,0,0,0,0,0,0,0,0,0,0,0,0			2021-05-17T02:53:49Z	2021-05-18T05:54:26Z	-150.297656942509	46.0212169533627
gp24-416-20	210328	2021-04-03T07:56:36Z	712		0	15		2,10,20,50,78,100,122,138,162,200,300,352,500,700,712	6.592,6.592,6.592,6.592,6.336,6.311,6.311,6.900,6.800,6.177,4.981,4.650,4.332,3.806,3.784															0	0,0,0,0,0,0,0,0,0,0,0,0,0,0,0			2021-05-17T02:53:49Z	2021-05-18T05:54:26Z	-150.368065383955	46.0070332558143
gp24-416-20	210328	2021-04-03T14:30:48Z	454		0	15		2,10,20,50,100,120,130,142,150,200,300,374,400,426,454	6.606,6.606,6.606,6.606,6.324,6.334,6.858,6.940,6.899,6.244,5.076,4.531,4.552,4.372,4.441															0	0,0,0,0,0,0,0,0,0,0,0,0,0,0,0			2021-05-17T02:53:49Z	2021-05-18T05:54:26Z	-150.503359660057	46.0557664872525
gp24-416-20	210328	2021-04-03T16:27:48Z	630		0	15		2,10,20,50,100,116,126,134,200,244,300,400,452,500,630	6.682,6.682,6.682,6.682,6.376,6.376,6.882,6.954,6.119,5.427,4.981,4.382,4.394,4.158,3.960															0	0,0,0,0,0,0,0,0,0,0,0,0,0,0,0			2021-05-17T02:53:49Z	2021-05-18T05:54:26Z	-150.470839610794	46.0666727404527
gp24-416-20	210328	2021-04-04T01:43:24Z	712		0	15		2,10,20,50,76,100,114,118,150,200,300,368,500,700,712	6.786,6.786,6.786,6.786,6.952,6.874,6.799,7.030,6.864,6.313,5.035,4.624,4.243,3.793,3.770															0	0,0,0,0,0,0,0,0,0,0,0,0,0,0,0			2021-05-17T02:53:49Z	2021-05-18T05:54:26Z	-150.31679536366	46.0543290980842
gp24-416-20	210328	2021-04-05T01:14:36Z	698		0	15		2,10,20,50,100,122,134,170,200,230,300,362,400,500,698	7.468,7.340,7.326,7.311,7.097,7.195,7.526,7.311,6.769,6.253,5.583,4.885,4.670,4.357,3.888															0	0,0,0,0,0,0,0,0,0,0,0,0,0,0,0			2021-05-17T02:53:49Z	2021-05-18T05:54:26Z	-150.564311858996	45.9145189733688
gp24-416-20	210328	2021-04-05T03:33:24Z	854		0	15		2,10,20,50,100,114,128,160,200,256,300,356,500,700,854	7.440,7.326,7.310,7.293,7.086,7.151,7.472,7.342,6.689,5.849,5.528,4.875,4.303,3.795,3.414															0	0,0,0,0,0,0,0,0,0,0,0,0,0,0,0			2021-05-17T02:53:49Z	2021-05-18T05:54:26Z	-150.565561682455	45.9383315431644
gp24-416-20	210328	2021-04-05T07:58:24Z	722		0	15		2,10,20,50,98,100,122,152,200,272,300,378,500,700,722	7.476,7.373,7.344,7.344,7.403,7.403,7.128,7.300,6.513,5.535,5.392,4.773,4.345,3.869,3.814															0	0,0,0,0,0,0,0,0,0,0,0,0,0,0,0			2021-05-17T02:53:49Z	2021-05-18T05:54:26Z	-150.551822862181	45.8687845568249
gp24-416-20	210328	2021-04-06T01:17:36Z	696		0	15		2,10,20,50,100,116,122,128,160,200,300,400,500,692,696	7.760,7.668,7.622,7.576,7.456,7.487,7.441,7.199,7.095,6.461,5.332,4.671,4.414,3.918,3.918															0	0,0,0,0,0,0,0,0,0,0,0,0,0,0,0			2021-05-17T02:53:49Z	2021-05-18T05:54:26Z	-151.150909466047	45.9970543245085
gp24-416-20	210328	2021-04-06T07:15:48Z	710		0	15		2,10,20,50,100,104,134,172,200,264,300,420,500,700,710	7.622,7.607,7.576,7.545,7.412,7.427,7.109,7.048,6.478,5.548,5.189,4.469,4.305,3.807,3.796															0	0,0,0,0,0,0,0,0,0,0,0,0,0,0,0			2021-05-17T02:53:49Z	2021-05-18T05:54:26Z	-151.245372696517	45.9560167445417
gp24-416-20	210328	2021-04-06T15:28:36Z	398		0	15		2,10,20,30,50,100,104,120,126,150,176,200,246,300,398	7.240,7.229,7.206,7.183,7.172,7.362,7.396,7.217,6.894,7.050,6.871,6.383,5.670,5.157,4.558															0	0,0,0,0,0,0,0,0,0,0,0,0,0,0,0			2021-05-17T02:53:49Z	2021-05-18T05:54:26Z	-151.424664595383	46.0979950962767
gp24-416-20	210328	2021-04-07T15:04:00Z	206		0	15		2,10,20,30,36,50,75,100,116,128,148,150,160,200,206	7.143,7.143,7.130,7.086,7.011,7.002,6.986,6.890,6.862,7.126,7.280,7.276,7.147,6.384,6.256															0	0,0,0,0,0,0,0,0,0,0,0,0,0,0,0			2021-05-17T02:53:49Z	2021-05-18T05:54:26Z	-151.843327193257	46.2590778016521
gp24-416-20	210328	2021-04-07T15:28:00Z	438		0	15		2,10,20,50,74,100,112,122,144,150,200,230,300,400,438	7.142,7.131,7.120,7.035,6.991,6.798,6.809,7.101,7.252,7.186,6.355,5.804,5.125,4.596,4.500															0	0,0,0,0,0,0,0,0,0,0,0,0,0,0,0			2021-05-17T02:53:49Z	2021-05-18T05:54:26Z	-151.859340420892	46.2580622644609
gp24-416-20	210328	2021-04-07T15:54:12Z	520		0	15		2,10,20,50,72,100,114,124,144,200,260,300,400,500,520	7.123,7.123,7.123,7.090,7.066,6.698,6.674,7.054,7.256,6.354,5.540,5.160,4.593,4.285,4.240															0	0,0,0,0,0,0,0,0,0,0,0,0,0,0,0			2021-05-17T02:53:49Z	2021-05-18T05:54:26Z	-151.87682152323	46.2569536363616
gp24-416-20	210328	2021-04-07T21:22:12Z	402		0	15		2,10,20,50,76,86,100,112,122,150,172,200,300,400,402	7.426,7.392,7.381,7.313,7.271,7.025,7.146,7.191,7.013,7.138,7.025,6.428,5.230,4.608,4.600															0	0,0,0,0,0,0,0,0,0,0,0,0,0,0,0			2021-05-17T02:53:49Z	2021-05-18T05:54:26Z	-152.015474385379	46.2559439874833
gp24-416-20	210328	2021-04-08T08:27:00Z	644		0	15		2,10,20,50,90,100,106,130,148,200,232,300,400,500,644	7.518,7.504,7.462,7.378,7.350,7.171,7.062,7.325,7.213,6.332,5.851,5.205,4.654,4.391,4.008															0	0,0,0,0,0,0,0,0,0,0,0,0,0,0,0			2021-05-17T02:53:49Z	2021-05-18T05:54:26Z	-152.266800263221	46.4851005472545
gp24-416-20	210328	2021-04-08T15:19:48Z	280		0	15		2,10,20,30,50,75,98,100,130,136,140,150,166,200,280	7.242,7.234,7.234,7.234,7.194,7.024,6.859,6.774,6.720,6.845,6.665,6.766,6.696,6.246,5.258															0	0,0,0,0,0,0,0,0,0,0,0,0,0,0,0			2021-05-17T02:53:49Z	2021-05-18T05:54:26Z	-152.500296167864	46.6052012069811
gp24-416-20	210328	2021-04-08T17:00:12Z	690		0	15		2,10,20,50,98,100,140,156,176,200,252,300,400,500,690	7.256,7.243,7.216,7.135,6.777,6.764,6.488,6.686,6.515,6.053,5.338,4.941,4.479,4.280,3.886															0	0,0,0,0,0,0,0,0,0,0,0,0,0,0,0			2021-05-17T02:53:49Z	2021-05-18T05:54:26Z	-152.571995543516	46.6679518357093
gp24-416-20	210328	2021-04-08T19:35:24Z	700		0	15		2,10,20,50,74,100,104,152,168,200,300,386,400,500,700	7.250,7.236,7.223,7.236,6.953,6.875,6.888,6.486,6.527,6.018,4.947,4.439,4.278,3.838,3.838															0	0,0,0,0,0,0,0,0,0,0,0,0,0,0,0			2021-05-17T02:53:49Z	2021-05-18T05:54:26Z	-152.705795491807	46.7582173360655
gp24-416-20	210328	2021-04-09T02:22:36Z	704		0	15		2,10,20,50,98,100,122,144,200,256,300,414,500,700,704	7.330,7.316,7.176,7.137,6.902,6.860,6.503,6.832,6.296,5.486,5.100,4.399,4.168,3.835,3.824															0	0,0,0,0,0,0,0,0,0,0,0,0,0,0,0			2021-05-17T02:53:49Z	2021-05-18T05:54:26Z	-152.739254248208	46.8848407468936
gp24-416-20	210328	2021-04-09T07:37:36Z	722		0	15		2,10,20,50,80,100,112,122,142,200,300,434,500,700,722	7.404,7.390,7.303,6.979,6.767,6.303,6.217,6.540,6.810,5.907,4.990,4.285,4.144,3.817,3.806															0	0,0,0,0,0,0,0,0,0,0,0,0,0,0,0			2021-05-17T02:53:49Z	2021-05-18T05:54:26Z	-152.747165380888	46.9177826364028
gp24-416-20	210328	2021-04-09T15:21:48Z	426		0	15		2,10,20,50,84,100,118,132,142,150,160,200,300,400,426	7.030,7.020,7.020,6.839,6.619,6.288,6.199,6.288,6.880,6.770,6.829,6.438,5.059,4.579,4.480															0	0,0,0,0,0,0,0,0,0,0,0,0,0,0,0			2021-05-17T02:53:49Z	2021-05-18T05:54:26Z	-152.758342243245	47.101673863441
gp24-416-20	210328	2021-04-09T15:44:36Z	528		0	15		2,10,20,50,82,100,124,140,154,200,264,300,400,500,528	7.024,7.024,7.024,6.883,6.698,6.395,6.254,6.828,6.903,6.450,5.465,5.075,4.620,4.294,4.264															0	0,0,0,0,0,0,0,0,0,0,0,0,0,0,0			2021-05-17T02:53:49Z	2021-05-18T05:54:26Z	-152.766106792744	47.1113511776886
gp24-416-20	210328	2021-04-09T19:21:00Z	734		0	15		2,10,20,50,100,122,132,136,156,200,234,300,500,700,734	7.286,7.271,7.257,6.970,6.359,6.228,6.901,6.926,6.842,5.788,5.173,4.846,4.217,3.719,3.650															0	0,0,0,0,0,0,0,0,0,0,0,0,0,0,0			2021-05-17T02:53:49Z	2021-05-18T05:54:26Z	-152.782091799941	47.1324429998934
gp24-416-20	210328	2021-04-10T08:25:00Z	638		0	15		2,10,20,50,100,112,146,160,172,200,258,300,400,500,638	7.226,7.076,6.971,6.692,6.249,6.344,6.075,5.701,5.824,5.435,4.741,4.540,4.421,4.220,3.822															0	0,0,0,0,0,0,0,0,0,0,0,0,0,0,0			2021-05-17T02:53:49Z	2021-05-18T05:54:26Z	-153.234452714588	47.5135804997306
gp24-416-20	210328	2021-04-10T21:06:12Z	316		0	15		2,10,20,30,50,98,100,124,150,174,200,240,294,300,316	7.256,7.186,7.068,7.037,6.862,6.703,6.663,6.615,5.995,6.083,5.452,4.950,4.744,4.762,4.744															0	0,0,0,0,0,0,0,0,0,0,0,0,0,0,0			2021-05-17T02:53:49Z	2021-05-18T05:54:26Z	-152.931786171332	47.590622215465
gp24-416-20	210328	2021-04-10T21:36:24Z	446		0	15		2,10,20,50,100,116,128,150,168,176,200,242,300,400,446	7.222,7.113,7.044,6.890,6.558,6.640,6.178,5.907,5.943,5.708,5.376,4.939,4.797,4.369,4.206															0	0,0,0,0,0,0,0,0,0,0,0,0,0,0,0			2021-05-17T02:53:49Z	2021-05-18T05:54:26Z	-152.957300055104	47.5874264205038
gp24-416-20	210328	2021-04-10T22:00:24Z	692		0	15		2,10,20,50,98,100,118,140,170,200,248,300,400,500,692	7.216,7.132,7.061,6.896,6.703,6.679,6.651,5.976,5.878,5.383,4.859,4.803,4.336,4.073,3.704															0	0,0,0,0,0,0,0,0,0,0,0,0,0,0,0			2021-05-17T02:53:49Z	2021-05-18T05:54:26Z	-152.947826899854	47.5927306329914
gp24-416-20	210328	2021-04-11T01:37:36Z	690		0	15		2,10,20,50,98,100,128,138,154,184,200,300,400,500,690	7.122,6.987,6.937,6.829,6.923,6.923,6.671,6.052,6.105,5.564,5.537,4.665,4.244,4.059,3.756															0	0,0,0,0,0,0,0,0,0,0,0,0,0,0,0			2021-05-17T02:53:49Z	2021-05-18T05:54:26Z	-152.852610749666	47.6432344076889
gp24-416-20	210328	2021-04-11T14:32:00Z	676		0	15		2,10,20,50,100,132,156,184,200,300,400,500,528,674,676	6.996,6.996,6.983,6.793,6.576,6.780,6.589,6.021,5.843,4.942,4.486,4.144,4.196,3.766,3.766															0	0,0,0,0,0,0,0,0,0,0,0,0,0,0,0			2021-05-17T02:53:49Z	2021-05-18T05:54:26Z	-152.49382189751	47.7303840894282
gp24-416-20	210328	2021-04-11T23:00:12Z	552		0	15		2,10,20,50,100,116,130,134,156,200,262,300,400,500,552	7.104,7.104,7.092,6.875,6.551,6.383,6.683,6.563,6.646,6.108,5.211,4.875,4.514,4.157,4.050															0	0,0,0,0,0,0,0,0,0,0,0,0,0,0,0			2021-05-17T02:53:49Z	2021-05-18T05:54:26Z	-152.346233318693	47.8112752606513
gp24-416-20	210328	2021-04-11T23:25:12Z	696		0	15		2,10,20,50,98,100,116,160,200,300,318,400,500,692,696	7.054,7.041,7.028,6.951,6.583,6.570,6.383,6.560,6.231,5.014,4.823,4.420,4.152,3.826,3.826															0	0,0,0,0,0,0,0,0,0,0,0,0,0,0,0			2021-05-17T02:53:49Z	2021-05-18T05:54:26Z	-152.337488838456	47.8095362151797
gp24-416-20	210328	2021-04-12T14:13:48Z	690		0	15		2,10,20,38,50,100,124,128,132,200,258,300,400,500,690	7.211,7.238,7.225,7.117,6.723,6.272,6.312,6.497,6.959,6.073,5.269,5.020,4.545,4.252,3.872															0	0,0,0,0,0,0,0,0,0,0,0,0,0,0,0			2021-05-17T02:53:49Z	2021-05-18T05:54:26Z	-151.958759448817	47.7975617330473
gp24-416-20	210328	2021-04-12T21:16:48Z	264		0	15		2,10,20,30,50,75,100,122,134,140,150,152,200,260,264	6.750,6.730,6.723,6.716,6.455,5.992,5.852,6.133,6.120,6.494,6.736,6.750,5.966,5.042,5.081															0	0,0,0,0,0,0,0,0,0,0,0,0,0,0,0			2021-05-17T02:53:49Z	2021-05-18T05:54:26Z	-151.586447348584	47.76298155072
gp24-416-20	210328	2021-04-13T01:29:12Z	684		0	15		2,10,20,50,100,122,132,172,200,240,300,400,500,678,684	6.770,6.735,6.723,6.472,6.036,6.217,6.539,6.378,5.954,5.220,5.071,4.510,4.302,3.846,3.855															0	0,0,0,0,0,0,0,0,0,0,0,0,0,0,0			2021-05-17T02:53:49Z	2021-05-18T05:54:26Z	-151.525613490216	47.7012416091333
gp24-416-20	210328	2021-04-13T08:08:00Z	584		0	15		2,10,20,50,100,116,134,148,180,200,252,300,400,500,584	6.722,6.700,6.678,6.352,5.918,5.888,6.589,6.711,6.319,5.617,4.891,4.695,4.305,4.109,3.960															0	0,0,0,0,0,0,0,0,0,0,0,0,0,0,0			2021-05-17T02:53:49Z	2021-05-18T05:54:26Z	-151.165843438662	47.6022061535985
gp24-416-20	210328	2021-04-13T14:15:48Z	660		0	15		2,10,20,40,50,90,100,122,152,200,250,300,400,500,660	6.566,6.566,6.544,6.500,6.306,5.825,5.868,6.555,6.478,5.740,4.998,4.495,4.161,4.076,3.830															0	0,0,0,0,0,0,0,0,0,0,0,0,0,0,0			2021-05-17T02:53:49Z	2021-05-18T05:54:26Z	-151.074042961775	47.6659527740786
gp24-416-20	210328	2021-04-14T14:13:48Z	670		0	14		2,10,20,38,50,100,126,150,200,244,300,400,500,670	6.554,6.554,6.543,6.498,6.168,5.841,5.905,5.259,5.050,4.644,4.580,4.326,4.063,3.758															0	0,0,0,0,0,0,0,0,0,0,0,0,0,0			2021-05-17T02:53:49Z	2021-05-18T05:54:26Z	-150.089475879943	47.3427292330296
gp24-416-20	210328	2021-04-14T23:32:00Z	1078		0	15		2,20,40,50,90,100,110,152,200,220,300,500,700,1000,1078	6.794,6.732,6.670,6.487,6.169,5.955,6.091,5.831,5.225,4.844,4.370,4.052,3.656,3.046,2.910															0	0,0,0,0,0,0,0,0,0,0,0,0,0,0,0			2021-05-17T02:53:49Z	2021-05-18T05:54:26Z	-149.906490118206	47.3402806324812
gp24-416-20	210328	2021-04-15T01:12:12Z	704		0	15		2,10,20,50,100,108,138,148,184,200,230,300,500,700,704	6.804,6.791,6.779,6.579,5.997,5.895,6.133,5.908,5.636,5.325,4.790,4.382,3.996,3.647,3.638															0	0,0,0,0,0,0,0,0,0,0,0,0,0,0,0			2021-05-17T02:53:49Z	2021-05-18T05:54:26Z	-149.870271943939	47.3480760164758
gp24-416-20	210328	2021-04-15T14:22:24Z	652		0	15		2,10,20,40,50,100,124,138,144,200,238,300,400,500,652	6.999,7.012,6.999,6.948,6.796,6.190,6.428,6.190,6.290,5.394,4.810,4.442,4.165,4.052,3.788															0	0,0,0,0,0,0,0,0,0,0,0,0,0,0,0			2021-05-17T02:53:49Z	2021-05-18T05:54:26Z	-149.361848658377	47.1438373210075
gp24-416-20	210328	2021-04-15T20:25:36Z	704		0	15		2,10,20,50,78,100,128,150,200,236,300,370,500,700,704	7.078,7.051,7.038,6.944,6.410,6.263,6.002,6.410,5.594,5.150,4.678,4.244,4.154,3.746,3.736															0	0,0,0,0,0,0,0,0,0,0,0,0,0,0,0			2021-05-17T02:53:49Z	2021-05-18T05:54:26Z	-149.378222961373	47.113961888412
gp24-416-20	210328	2021-04-16T03:29:00Z	386		0	14		2,10,20,30,50,100,136,150,162,184,200,286,300,386	7.142,7.048,7.025,6.970,6.409,6.189,5.833,6.075,6.397,6.260,5.789,4.793,4.506,4.220															0	0,0,0,0,0,0,0,0,0,0,0,0,0,0			2021-05-17T02:53:49Z	2021-05-18T05:54:26Z	-149.184454035964	47.1655248970049
gp24-416-20	210328	2021-04-16T03:58:36Z	648		0	15		2,10,20,36,50,100,132,146,152,200,240,300,400,500,648	7.136,7.030,7.004,6.954,6.474,6.292,6.017,6.123,6.395,5.901,5.186,4.564,4.174,4.124,3.826															0	0,0,0,0,0,0,0,0,0,0,0,0,0,0,0			2021-05-17T02:53:49Z	2021-05-18T05:54:26Z	-149.1614714891	47.1476681755708
gp24-416-20	210328	2021-04-16T08:10:36Z	642		0	15		2,10,20,50,100,122,136,162,200,224,254,300,400,500,642	7.242,7.070,7.016,6.845,6.316,6.343,6.515,6.370,5.603,5.169,4.785,4.482,4.283,4.179,3.876															0	0,0,0,0,0,0,0,0,0,0,0,0,0,0,0			2021-05-17T02:53:49Z	2021-05-18T05:54:26Z	-148.87377201964	47.1103486265319
gp24-416-20	210328	2021-04-16T19:38:24Z	726		0	14		2,10,20,50,100,132,174,200,240,300,368,500,700,726	7.920,7.660,7.610,7.561,7.156,7.173,6.896,6.397,5.666,5.006,4.502,4.341,3.870,3.792															0	0,0,0,0,0,0,0,0,0,0,0,0,0,0			2021-05-17T02:53:49Z	2021-05-18T05:54:26Z	-148.641983009833	46.9489264564149
gp24-416-20	210328	2021-04-17T01:10:12Z	678		0	15		2,10,20,50,60,100,124,136,200,288,300,308,400,500,678	8.088,7.920,7.873,7.672,7.196,7.146,7.095,7.360,6.452,5.051,5.001,5.148,4.605,4.261,3.882															0	0,0,0,0,0,0,0,0,0,0,0,0,0,0,0			2021-05-17T02:53:49Z	2021-05-18T05:54:26Z	-148.516581863281	46.8568299105295
gp24-416-20	210328	2021-04-17T07:44:12Z	692		0	15		2,10,20,40,50,72,100,112,148,200,250,300,400,500,692	8.022,7.924,7.842,7.764,7.491,7.233,7.442,7.204,7.425,6.497,5.598,5.328,4.703,4.347,3.934															0	0,0,0,0,0,0,0,0,0,0,0,0,0,0,0			2021-05-17T02:53:49Z	2021-05-18T05:54:26Z	-148.326738195774	46.8004780262617
gp24-416-20	210328	2021-04-17T14:26:12Z	674		0	15		2,10,20,50,66,72,100,124,178,200,224,300,400,500,674	8.029,8.045,8.062,7.717,7.439,7.489,7.182,7.360,6.904,6.463,6.057,5.293,4.674,4.363,3.910															0	0,0,0,0,0,0,0,0,0,0,0,0,0,0,0			2021-05-17T02:53:49Z	2021-05-18T05:54:26Z	-148.247174564351	46.8516817087738
gp24-416-20	210328	2021-04-17T19:30:12Z	710		0	15		2,10,20,34,50,58,100,138,168,200,300,342,500,700,710	8.248,8.231,8.231,8.109,7.612,7.408,7.220,7.325,7.186,6.624,5.361,5.000,4.369,3.907,3.894															0	0,0,0,0,0,0,0,0,0,0,0,0,0,0,0			2021-05-17T02:53:49Z	2021-05-18T05:54:26Z	-148.203619303584	46.8717706999647
gp24-416-20	210328	2021-04-18T07:56:24Z	708		0	15		2,10,20,40,50,98,100,134,200,274,300,390,500,700,708	8.121,8.121,8.121,8.172,7.905,7.488,7.488,7.454,6.805,5.438,5.272,4.707,4.474,3.939,3.926															0	0,0,0,0,0,0,0,0,0,0,0,0,0,0,0			2021-05-17T02:53:49Z	2021-05-18T05:54:26Z	-148.021918306693	46.810056232988
gp24-416-20	210328	2021-04-18T13:14:12Z	692		0	15		2,10,20,50,98,100,144,200,246,300,322,360,400,500,692	7.982,7.982,7.998,7.822,7.495,7.479,7.259,6.599,5.928,5.409,5.097,5.081,4.845,4.486,4.002															0	0,0,0,0,0,0,0,0,0,0,0,0,0,0,0			2021-05-17T02:53:49Z	2021-05-18T05:54:26Z	-148.005387638201	46.7941730878428
gp24-416-20	210328	2021-04-18T19:11:24Z	758		0	15		2,10,20,50,98,100,120,152,200,250,300,342,500,700,758	7.928,7.894,7.877,7.894,7.414,7.397,7.131,7.131,6.486,5.597,5.082,4.753,4.340,3.860,3.712															0	0,0,0,0,0,0,0,0,0,0,0,0,0,0,0			2021-05-17T02:53:49Z	2021-05-18T05:54:26Z	-147.955138648911	46.8604334870297
gp24-416-20	210328	2021-04-19T08:18:36Z	646		0	15		2,10,20,50,78,86,100,112,126,166,200,300,400,500,646	7.370,7.370,7.370,7.301,6.734,6.830,6.290,6.383,7.315,6.882,6.180,4.752,4.319,4.212,3.930															0	0,0,0,0,0,0,0,0,0,0,0,0,0,0,0			2021-05-17T02:53:49Z	2021-05-18T05:54:26Z	-147.864700734483	47.1704929633195
gp24-416-20	210328	2021-04-19T20:09:24Z	614		0	15		2,10,20,50,64,100,120,148,156,174,200,300,400,500,614	7.460,7.446,7.418,7.252,6.741,6.353,6.187,6.476,6.254,6.381,5.937,4.777,4.555,4.153,3.934															0	0,0,0,0,0,0,0,0,0,0,0,0,0,0,0			2021-05-17T02:53:49Z	2021-05-18T05:54:26Z	-147.374567138577	47.0888798273705
gp24-416-20	210328	2021-04-20T02:23:00Z	700		0	15		2,10,20,50,100,116,120,128,160,200,230,300,400,500,700	7.482,7.467,7.467,7.378,6.998,7.143,7.072,6.558,6.398,5.728,5.158,4.588,4.134,3.758,3.758															0	0,0,0,0,0,0,0,0,0,0,0,0,0,0,0			2021-05-17T02:53:49Z	2021-05-18T05:54:26Z	-147.186755936843	46.9647419525164
gp24-416-20	210328	2021-04-20T08:06:48Z	530		0	15		2,10,20,50,54,58,68,100,132,142,200,300,400,500,530	7.728,7.713,7.713,7.543,7.358,6.944,6.433,6.219,6.048,6.288,5.377,4.583,4.256,4.169,4.100															0	0,0,0,0,0,0,0,0,0,0,0,0,0,0,0			2021-05-17T02:53:49Z	2021-05-18T05:54:26Z	-146.98116150593	46.9190652828532
gp24-416-20	210328	2021-04-20T08:27:36Z	636		0	15		2,10,20,50,56,60,66,100,132,146,200,300,400,500,636	7.702,7.702,7.687,7.641,7.534,7.298,6.562,6.204,5.994,6.280,5.426,4.607,4.248,4.172,3.890															0	0,0,0,0,0,0,0,0,0,0,0,0,0,0,0			2021-05-17T02:53:49Z	2021-05-18T05:54:26Z	-146.969166247353	46.9170163909186
gp24-416-20	210328	2021-04-20T23:35:24Z	662		0	14		2,10,20,50,100,118,136,200,220,278,300,400,500,662	7.636,7.621,7.621,7.560,6.383,6.490,6.057,5.415,5.506,4.926,4.447,4.284,4.121,3.840															0	0,0,0,0,0,0,0,0,0,0,0,0,0,0			2021-05-17T02:53:49Z	2021-05-18T05:54:26Z	-146.185577375359	46.8895709578912
gp24-416-20	210328	2021-04-21T02:05:36Z	472		0	15		2,10,20,50,70,100,116,134,150,166,200,232,300,400,472	7.562,7.548,7.562,7.548,7.439,6.715,6.889,6.261,6.356,6.247,5.338,4.908,4.600,4.307,4.146															0	0,0,0,0,0,0,0,0,0,0,0,0,0,0,0			2021-05-17T02:53:49Z	2021-05-18T05:54:26Z	-146.008347139486	46.9198495888886
gp24-416-20	210328	2021-04-21T02:29:12Z	640		0	14		2,10,20,50,98,100,122,142,164,200,300,400,500,640	7.616,7.616,7.616,7.586,6.980,6.920,6.890,6.168,5.991,5.299,4.576,4.279,4.132,3.854															0	0,0,0,0,0,0,0,0,0,0,0,0,0,0			2021-05-17T02:53:49Z	2021-05-18T05:54:26Z	-145.980500311159	46.9246070821796
gp24-416-20	210328	2021-04-22T01:24:24Z	686		0	15		2,10,20,50,70,76,84,100,118,140,200,300,400,500,686	7.670,7.655,7.608,7.593,7.500,7.365,6.909,6.727,6.576,6.924,6.151,4.957,4.351,4.196,3.806															0	0,0,0,0,0,0,0,0,0,0,0,0,0,0,0			2021-05-17T02:53:49Z	2021-05-18T05:54:26Z	-145.388397497452	47.1442577307609
gp24-416-20	210328	2021-04-22T08:12:36Z	696		0	15		2,10,20,50,60,76,100,108,122,150,200,300,400,500,696	7.754,7.738,7.723,7.675,7.612,6.995,6.810,6.719,7.089,6.936,5.992,4.977,4.359,4.206,3.820															0	0,0,0,0,0,0,0,0,0,0,0,0,0,0,0			2021-05-17T02:53:49Z	2021-05-18T05:54:26Z	-145.216681209003	47.0965278972994
gp24-416-20	210328	2021-04-22T14:58:12Z	730		0	15		2,10,20,50,72,100,114,134,200,300,324,424,500,700,730	7.758,7.758,7.774,7.677,7.553,6.905,6.825,7.267,6.274,5.107,5.091,4.319,4.303,3.828,3.752															0	0,0,0,0,0,0,0,0,0,0,0,0,0,0,0			2021-05-17T02:53:49Z	2021-05-18T05:54:26Z	-144.943359694149	47.0705439221215
gp24-416-20	210328	2021-04-22T19:17:48Z	716		0	15		2,10,20,50,76,100,112,138,200,300,346,374,500,700,716	7.792,7.760,7.744,7.712,7.601,7.056,6.964,7.103,6.542,5.277,5.074,4.560,4.389,3.856,3.812															0	0,0,0,0,0,0,0,0,0,0,0,0,0,0,0			2021-05-17T02:53:49Z	2021-05-18T05:54:26Z	-144.791165785646	47.0576592324402
gp24-416-20	210328	2021-04-23T08:09:24Z	648		0	15		2,10,20,50,74,100,114,128,200,256,300,310,400,500,648	8.142,8.027,7.933,7.851,7.691,7.157,6.997,7.448,6.578,6.049,5.228,5.339,4.678,4.424,4.038															0	0,0,0,0,0,0,0,0,0,0,0,0,0,0,0			2021-05-17T02:53:49Z	2021-05-18T05:54:26Z	-144.218967819822	46.9257764069018
gp24-416-20	210328	2021-04-23T15:09:24Z	194		0	15		2,10,20,30,50,75,100,110,114,125,132,138,150,174,194	8.234,8.114,8.049,8.037,8.049,7.793,7.271,7.123,7.313,7.326,7.301,7.462,7.271,7.277,6.720															0	0,0,0,0,0,0,0,0,0,0,0,0,0,0,0			2021-05-17T02:53:49Z	2021-05-18T05:54:26Z	-144.112472526985	47.046835961415
gp24-416-20	210328	2021-04-23T15:48:48Z	438		0	15		2,10,20,50,66,76,100,150,152,200,244,300,400,432,438	8.250,8.220,8.114,8.011,7.818,7.147,6.939,7.325,7.340,6.287,5.976,4.903,4.593,4.460,4.502															0	0,0,0,0,0,0,0,0,0,0,0,0,0,0,0			2021-05-17T02:53:49Z	2021-05-18T05:54:26Z	-144.08392524555	47.0427695277746
gp24-416-20	210328	2021-04-23T20:22:48Z	686		0	14		2,10,20,50,92,100,124,134,146,200,300,400,500,686	8.254,8.202,8.017,7.844,7.305,6.999,6.390,6.964,7.201,6.442,5.174,4.647,4.346,3.940															0	0,0,0,0,0,0,0,0,0,0,0,0,0,0			2021-05-17T02:53:49Z	2021-05-18T05:54:26Z	-143.946077884583	47.010961810449
gp24-416-20	210328	2021-04-24T02:09:00Z	598		0	15		2,10,20,50,72,100,110,144,200,264,300,316,400,500,598	7.998,7.966,7.809,7.702,7.162,7.115,7.115,7.008,6.203,5.399,5.166,4.981,4.579,4.283,4.054															0	0,0,0,0,0,0,0,0,0,0,0,0,0,0,0			2021-05-17T02:53:49Z	2021-05-18T05:54:26Z	-143.596710449512	46.9508444069294
gp24-416-20	210328	2021-04-24T08:15:36Z	662		0	15		2,10,20,50,100,114,130,166,180,200,280,300,400,500,662	8.038,8.038,8.054,8.005,7.178,7.145,7.401,7.145,7.145,6.780,5.539,5.349,4.647,4.347,3.998															0	0,0,0,0,0,0,0,0,0,0,0,0,0,0,0			2021-05-17T02:53:49Z	2021-05-18T05:54:26Z	-143.349088626744	46.9310070253787
gp24-416-20	210328	2021-04-25T01:14:12Z	690		0	15		2,10,20,50,64,78,100,134,158,200,248,300,400,500,690	8.126,8.008,7.975,7.811,7.697,7.134,6.790,6.508,7.382,6.723,6.080,5.651,4.844,4.416,3.924															0	0,0,0,0,0,0,0,0,0,0,0,0,0,0,0			2021-05-17T02:53:49Z	2021-05-18T05:54:26Z	-142.897140981292	46.8342251808123
gp24-416-20	210328	2021-04-25T08:16:48Z	454		0	15		2,10,20,50,66,100,108,114,122,150,200,300,332,400,454	8.228,8.112,7.999,7.569,7.154,6.914,7.056,7.711,7.784,7.471,6.597,5.498,5.043,4.843,4.588															0	0,0,0,0,0,0,0,0,0,0,0,0,0,0,0			2021-05-17T02:53:49Z	2021-05-18T05:54:26Z	-142.498631243002	46.7199586617529
gp24-416-20	210328	2021-04-25T09:10:36Z	676		0	15		2,10,20,50,68,100,112,120,126,200,300,360,400,500,676	8.326,8.238,8.101,7.682,7.232,7.096,7.131,7.682,7.823,6.783,5.437,4.780,4.710,4.379,3.916															0	0,0,0,0,0,0,0,0,0,0,0,0,0,0,0			2021-05-17T02:53:49Z	2021-05-18T05:54:26Z	-142.467036157249	46.7117995772742
gp24-416-20	210328	2021-04-25T20:15:24Z	686		0	15		2,10,20,50,54,62,88,100,112,200,300,324,400,500,686	8.928,8.888,8.807,8.488,8.352,7.675,7.402,7.559,7.837,6.468,5.301,5.043,4.745,4.351,3.876															0	0,0,0,0,0,0,0,0,0,0,0,0,0,0,0			2021-05-17T02:53:49Z	2021-05-18T05:54:26Z	-142.048293511259	46.6575189277098
gp24-416-20	210328	2021-04-26T01:52:48Z	680		0	15		2,10,20,42,50,56,100,118,130,162,200,300,400,500,680	9.048,8.904,8.822,8.725,8.360,7.596,7.252,7.113,7.857,7.437,6.631,5.404,4.778,4.434,3.916															0	0,0,0,0,0,0,0,0,0,0,0,0,0,0,0			2021-05-17T02:53:49Z	2021-05-18T05:54:26Z	-141.883510579761	46.6340184576034
gp24-416-20	210328	2021-04-26T07:34:00Z	688		0	15		2,10,20,36,50,64,100,132,168,200,300,364,400,500,688	8.480,8.408,8.263,8.122,7.588,7.216,7.094,7.660,7.307,6.736,5.599,5.033,4.856,4.462,3.950															0	0,0,0,0,0,0,0,0,0,0,0,0,0,0,0			2021-05-17T02:53:49Z	2021-05-18T05:54:26Z	-141.700507660437	46.6210747085319
gp24-416-20	210328	2021-04-26T14:09:48Z	520		0	15		2,10,20,50,58,100,116,132,200,290,300,400,420,500,520	8.844,8.808,8.790,8.314,8.049,7.627,7.487,7.748,6.939,5.920,5.637,4.949,4.738,4.401,4.352															0	0,0,0,0,0,0,0,0,0,0,0,0,0,0,0			2021-05-17T02:53:49Z	2021-05-18T05:54:26Z	-141.328597794906	46.5848382218834
gp24-416-20	210328	2021-04-27T01:37:00Z	846		0	15		2,10,20,50,78,100,106,114,122,200,300,428,500,700,846	9.050,9.028,8.919,8.081,7.376,7.523,7.846,7.890,7.655,6.965,5.783,4.754,4.475,3.917,3.578															0	0,0,0,0,0,0,0,0,0,0,0,0,0,0,0			2021-05-17T02:53:49Z	2021-05-18T05:54:26Z	-140.920561873918	46.5891960122701
gp24-416-20	210328	2021-04-27T15:37:24Z	676		0	15		2,10,20,32,50,100,112,124,174,200,214,300,400,500,676	9.126,9.126,9.106,9.003,8.178,7.737,7.614,7.819,7.435,6.933,6.651,5.826,4.986,4.484,4.002															0	0,0,0,0,0,0,0,0,0,0,0,0,0,0,0			2021-05-17T02:53:49Z	2021-05-18T05:54:26Z	-140.437419615394	46.2494460435249
gp24-416-20	210328	2021-04-27T19:16:48Z	682		0	15		2,10,20,36,50,98,100,200,266,300,358,400,448,500,682	9.170,9.149,9.108,8.618,8.493,8.067,8.046,7.088,6.146,5.860,5.189,4.986,4.658,4.575,3.966															0	0,0,0,0,0,0,0,0,0,0,0,0,0,0,0			2021-05-17T02:53:49Z	2021-05-18T05:54:26Z	-140.282186288193	46.198986354936
gp24-416-20	210328	2021-04-28T02:20:36Z	670		0	15		2,10,20,40,50,88,100,106,122,150,200,300,400,500,670	9.250,9.229,9.208,8.541,8.456,7.630,7.651,7.858,7.381,7.318,6.592,5.364,4.761,4.411,3.956															0	0,0,0,0,0,0,0,0,0,0,0,0,0,0,0			2021-05-17T02:53:49Z	2021-05-18T05:54:26Z	-139.80803941631	46.1205298382616
gp24-416-20	210328	2021-04-28T15:55:36Z	654		0	15		2,10,20,26,38,50,100,104,128,152,200,300,400,500,654	9.388,9.366,9.323,9.171,8.319,8.085,7.662,7.662,7.320,7.217,6.446,5.404,4.725,4.405,3.960															0	0,0,0,0,0,0,0,0,0,0,0,0,0,0,0			2021-05-17T02:53:49Z	2021-05-18T05:54:26Z	-139.232243920972	46.0090731914893
gp24-416-20	210328	2021-04-28T19:36:36Z	700		0	15		2,10,20,50,100,108,120,150,200,226,300,334,400,500,700	9.402,9.380,9.336,8.495,7.802,8.038,7.544,7.461,6.642,6.554,5.542,5.174,4.399,3.904,3.904															0	0,0,0,0,0,0,0,0,0,0,0,0,0,0,0			2021-05-17T02:53:49Z	2021-05-18T05:54:26Z	-139.379428175263	46.1002952150285
gp24-416-20	210328	2021-04-29T02:16:12Z	748		0	15		2,10,20,30,50,72,100,128,142,200,300,398,500,700,748	9.446,9.424,9.424,9.334,8.324,8.409,7.769,8.123,7.618,7.023,6.036,4.976,4.472,3.967,3.838															0	0,0,0,0,0,0,0,0,0,0,0,0,0,0,0			2021-05-17T02:53:49Z	2021-05-18T05:54:26Z	-138.89165548941	46.024252060832
gp24-416-20	210328	2021-04-29T08:17:24Z	540		0	15		2,10,20,32,50,58,100,122,132,156,200,300,400,500,540	9.598,9.598,9.577,9.453,8.742,8.333,7.824,7.990,7.643,7.804,7.275,6.160,5.081,4.573,4.412															0	0,0,0,0,0,0,0,0,0,0,0,0,0,0,0			2021-05-17T02:53:49Z	2021-05-18T05:54:26Z	-138.472431524472	45.9079612343787
gp24-416-20	210328	2021-04-29T17:24:00Z	560		0	15		2,10,20,34,50,100,116,126,154,164,200,300,400,500,560	9.806,9.784,9.784,9.655,8.914,8.254,8.276,7.913,8.043,7.578,7.172,6.134,5.117,4.652,4.398															0	0,0,0,0,0,0,0,0,0,0,0,0,0,0,0			2021-05-17T02:53:49Z	2021-05-18T05:54:26Z	-137.879727252409	45.8213974441395
gp24-416-20	210328	2021-04-29T23:13:12Z	810		0	15		2,10,20,28,34,50,100,148,164,200,300,386,500,700,810	10.154,10.103,9.949,9.725,9.150,8.874,8.369,8.222,8.567,8.068,6.411,5.311,4.658,4.057,3.756															0	0,0,0,0,0,0,0,0,0,0,0,0,0,0,0			2021-05-17T02:53:49Z	2021-05-18T05:54:26Z	-137.630105340957	45.6625935134624
gp24-416-20	210328	2021-04-30T01:27:24Z	700		0	15		2,10,20,28,38,50,84,100,124,200,300,342,400,500,700	10.180,10.131,10.032,9.766,9.063,8.921,8.649,8.316,8.409,7.828,6.452,5.773,4.588,4.008,4.008															0	0,0,0,0,0,0,0,0,0,0,0,0,0,0,0			2021-05-17T02:53:49Z	2021-05-18T05:54:26Z	-137.533309403106	45.6354256337168
gp24-416-20	210328	2021-04-30T09:06:48Z	386		0	15		2,10,20,30,42,50,74,98,100,124,132,150,200,300,386	10.214,10.214,10.174,10.032,9.875,9.400,8.885,8.784,8.764,8.268,8.486,7.950,7.379,6.130,5.160															0	0,0,0,0,0,0,0,0,0,0,0,0,0,0,0			2021-05-17T02:53:49Z	2021-05-18T05:54:26Z	-137.319780058985	45.5648588400354
gp24-416-20	210328	2021-04-30T14:17:12Z	520		0	15		2,10,20,34,50,98,100,124,138,156,200,300,400,500,520	10.234,10.188,10.072,9.185,8.959,8.686,8.686,8.414,8.501,7.637,7.139,6.026,4.936,4.502,4.438															0	0,0,0,0,0,0,0,0,0,0,0,0,0,0,0			2021-05-17T02:53:49Z	2021-05-18T05:54:26Z	-136.999415983963	45.4614865422081
gp24-416-20	210328	2021-04-30T15:38:48Z	698		0	15		2,10,20,30,40,50,100,104,140,200,300,374,400,500,698	10.212,10.187,10.162,9.912,9.108,8.864,8.521,8.521,8.228,7.298,6.025,5.145,5.070,4.459,3.972															0	0,0,0,0,0,0,0,0,0,0,0,0,0,0,0			2021-05-17T02:53:49Z	2021-05-18T05:54:26Z	-136.946746472814	45.4424429916349
gp24-416-20	210328	2021-04-30T22:19:00Z	604		0	15		2,10,20,30,50,100,112,120,130,140,200,300,400,500,604	10.198,10.008,9.633,9.050,8.841,8.116,7.836,8.562,8.050,7.770,7.211,6.158,5.016,4.504,4.248															0	0,0,0,0,0,0,0,0,0,0,0,0,0,0,0			2021-05-17T02:53:49Z	2021-05-18T05:54:26Z	-136.788578631138	45.3822219507008
gp24-416-20	210328	2021-05-01T01:22:24Z	730		0	15		2,10,20,50,80,100,120,136,176,200,300,422,500,700,730	10.248,10.172,9.995,9.205,8.585,8.661,7.864,7.643,7.813,7.491,6.131,4.816,4.544,3.968,3.924															0	0,0,0,0,0,0,0,0,0,0,0,0,0,0,0			2021-05-17T02:53:49Z	2021-05-18T05:54:26Z	-136.598926456372	45.3206071701141
gp24-416-20	210328	2021-05-01T08:14:24Z	508		0	15		2,10,20,50,66,100,118,128,140,170,200,300,400,500,508	10.580,10.484,10.177,8.951,8.573,8.290,8.056,8.386,8.176,8.314,7.605,6.379,5.177,4.570,4.570															0	0,0,0,0,0,0,0,0,0,0,0,0,0,0,0			2021-05-17T02:53:49Z	2021-05-18T05:54:26Z	-136.328416725761	45.2076761317194
gp24-416-20	210328	2021-05-01T12:08:36Z	708		0	15		2,10,20,38,50,98,100,136,178,200,300,378,500,700,708	10.372,10.321,10.118,9.100,8.972,8.622,8.572,8.145,8.222,8.050,6.478,5.282,4.557,4.029,4.010															0	0,0,0,0,0,0,0,0,0,0,0,0,0,0,0			2021-05-17T02:53:49Z	2021-05-18T05:54:26Z	-136.22225093682	45.0884039584282
gp24-416-20	210328	2021-05-01T19:48:12Z	796		0	15		2,10,20,50,98,100,124,132,140,200,300,406,500,700,796	10.616,10.589,10.534,9.241,8.836,8.781,8.808,8.189,8.430,7.564,6.217,5.034,4.601,3.928,3.742															0	0,0,0,0,0,0,0,0,0,0,0,0,0,0,0			2021-05-17T02:53:49Z	2021-05-18T05:54:26Z	-135.8791000945	44.8747269532027
gp24-416-20	210328	2021-05-02T20:12:48Z	494		0	15		2,10,20,30,44,48,50,100,120,138,150,200,300,400,494	11.626,11.570,11.542,11.319,10.475,9.924,9.847,9.268,9.324,9.024,8.229,7.545,6.478,5.250,4.650															0	0,0,0,0,0,0,0,0,0,0,0,0,0,0,0			2021-05-17T02:53:49Z	2021-05-18T05:54:26Z	-134.989738056343	44.3223607236397
gp24-416-20	210328	2021-05-02T20:39:48Z	674		0	15		2,10,20,50,62,100,124,146,152,158,200,300,400,500,674	11.652,11.622,11.562,10.054,9.549,9.316,9.346,9.135,8.336,8.163,7.628,6.505,5.239,4.613,4.116															0	0,0,0,0,0,0,0,0,0,0,0,0,0,0,0			2021-05-17T02:53:49Z	2021-05-18T05:54:26Z	-134.966015305248	44.3183890582012
gp24-416-20	210328	2021-05-03T14:25:12Z	540		0	15		2,10,20,32,50,78,100,112,126,160,200,300,400,500,540	11.946,11.887,11.451,10.408,10.001,9.765,9.358,9.476,9.277,8.057,7.591,6.430,5.328,4.633,4.552															0	0,0,0,0,0,0,0,0,0,0,0,0,0,0,0			2021-05-17T02:53:49Z	2021-05-18T05:54:26Z	-134.221853226951	44.0358461220935
gp24-416-20	210328	2021-05-03T15:21:00Z	810		0	15		2,10,20,50,98,100,120,150,200,244,300,500,700,802,810	11.974,11.942,11.685,10.206,9.571,9.514,9.257,8.285,7.617,7.400,6.548,4.627,4.121,3.936,3.936															0	0,0,0,0,0,0,0,0,0,0,0,0,0,0,0			2021-05-17T02:53:49Z	2021-05-18T05:54:26Z	-134.206979075976	44.0154835596047
gp24-416-20	210328	2021-05-03T20:22:00Z	644		0	15		2,10,20,38,50,98,100,114,134,152,200,300,400,500,644	12.142,12.048,11.678,10.688,10.413,9.705,9.705,9.454,8.566,8.102,7.512,6.404,5.327,4.651,4.282															0	0,0,0,0,0,0,0,0,0,0,0,0,0,0,0			2021-05-17T02:53:49Z	2021-05-18T05:54:26Z	-133.919784090869	43.8840284185577
gp24-416-20	210328	2021-05-04T01:31:48Z	712		0	15		2,10,20,50,98,100,120,142,200,300,406,500,700,710,712	12.242,12.050,11.738,10.515,9.636,9.604,9.508,8.661,8.037,6.654,5.439,4.967,4.248,4.248,4.248															0	0,0,0,0,0,0,0,0,0,0,0,0,0,0,0			2021-05-17T02:53:49Z	2021-05-18T05:54:26Z	-133.587758000815	43.8023830098408
gp24-416-20	210328	2021-05-04T17:28:12Z	680		0	15		2,10,20,50,72,98,100,140,180,200,240,300,400,500,680	12.234,12.202,11.915,11.070,10.321,9.795,9.795,9.445,8.137,7.946,7.699,6.886,5.571,4.949,4.264															0	0,0,0,0,0,0,0,0,0,0,0,0,0,0,0			2021-05-17T02:53:49Z	2021-05-18T05:54:26Z	-133.098811622863	43.4800636707213
gp24-416-20	210328	2021-05-04T20:18:48Z	540		0	14		2,10,20,34,50,98,100,138,158,200,300,400,500,540	12.190,12.130,11.982,10.702,10.145,9.706,9.676,9.326,8.538,7.668,6.731,5.682,4.953,4.752															0	0,0,0,0,0,0,0,0,0,0,0,0,0,0			2021-05-17T02:53:49Z	2021-05-18T05:54:26Z	-133.018268375267	43.3090595062268
gp24-416-20	210328	2021-05-04T23:14:24Z	734		0	15		2,10,20,50,98,100,132,164,200,252,300,374,500,700,734	12.032,11.905,11.531,10.314,9.812,9.780,9.566,8.285,7.847,7.537,6.821,5.818,4.760,4.132,4.076															0	0,0,0,0,0,0,0,0,0,0,0,0,0,0,0			2021-05-17T02:53:49Z	2021-05-18T05:54:26Z	-132.896222160244	43.1771717228923
gp24-416-20	210328	2021-05-05T02:26:12Z	574		0	15		2,10,20,40,50,98,100,140,172,200,246,300,400,500,574	12.222,12.130,11.946,10.714,10.446,9.879,9.879,9.366,8.195,7.896,7.567,6.847,5.615,4.803,4.566															0	0,0,0,0,0,0,0,0,0,0,0,0,0,0,0			2021-05-17T02:53:49Z	2021-05-18T05:54:26Z	-132.765567084678	43.120732925028
gp24-416-20	210328	2021-05-05T15:01:12Z	538		0	15		2,10,20,50,70,98,100,132,156,200,214,300,400,500,538	12.402,12.343,11.878,10.432,10.174,10.196,10.115,9.561,8.698,7.916,7.510,6.758,5.718,5.164,5.024															0	0,0,0,0,0,0,0,0,0,0,0,0,0,0,0			2021-05-17T02:53:49Z	2021-05-18T05:54:26Z	-132.169235315698	42.8581404655164
gp24-416-20	210328	2021-05-05T17:25:36Z	736		0	15		2,10,20,50,98,100,130,152,200,300,434,500,700,734,736	12.376,12.376,12.311,10.812,9.986,9.954,9.767,8.463,7.604,6.713,5.222,4.809,4.298,4.274,4.274															0	0,0,0,0,0,0,0,0,0,0,0,0,0,0,0			2021-05-17T02:53:49Z	2021-05-18T05:54:26Z	-132.127560604446	42.8847663086313
gp24-416-20	210328	2021-05-05T20:42:36Z	636		0	15		2,10,20,32,50,100,116,138,200,256,300,400,432,500,636	12.236,12.174,11.924,10.822,10.181,9.931,9.564,8.432,7.853,7.455,6.721,5.924,5.276,5.096,4.424															0	0,0,0,0,0,0,0,0,0,0,0,0,0,0,0			2021-05-17T02:53:49Z	2021-05-18T05:54:26Z	-131.938339602373	42.8354865342264
gp24-416-20	210328	2021-05-06T15:45:24Z	618		0	15		2,10,20,28,50,98,100,114,138,200,300,400,500,584,618	11.676,11.621,11.295,10.693,10.097,9.584,9.557,9.363,8.414,7.894,6.759,5.830,5.235,4.750,4.750															0	0,0,0,0,0,0,0,0,0,0,0,0,0,0,0			2021-05-17T02:53:49Z	2021-05-18T05:54:26Z	-131.332024196829	42.2416658649145
gp24-416-20	210328	2021-05-06T20:13:36Z	494		0	15		2,10,20,24,50,98,100,134,150,200,300,366,400,444,494	11.636,11.476,10.714,10.373,10.139,9.404,9.350,8.227,8.254,7.806,6.783,5.814,5.814,5.132,4.952															0	0,0,0,0,0,0,0,0,0,0,0,0,0,0,0			2021-05-17T02:53:49Z	2021-05-18T05:54:26Z	-131.243229123553	42.260707551168
gp24-416-20	210328	2021-05-07T08:27:24Z	536		0	15		2,10,20,38,50,98,100,148,170,200,262,300,400,500,536	11.756,11.728,11.502,10.397,10.065,9.460,9.403,8.192,8.438,8.269,7.001,6.698,5.402,4.846,4.712															0	0,0,0,0,0,0,0,0,0,0,0,0,0,0,0			2021-05-17T02:53:49Z	2021-05-18T05:54:26Z	-130.664231528151	41.9012994217251
gp24-416-20	210328	2021-05-07T14:22:24Z	538		0	15		2,10,20,34,50,98,100,124,142,200,262,300,400,500,538	11.838,11.809,11.581,10.547,10.269,9.990,9.933,8.785,8.228,7.529,7.108,6.516,5.260,4.782,4.704															0	0,0,0,0,0,0,0,0,0,0,0,0,0,0,0			2021-05-17T02:53:49Z	2021-05-18T05:54:26Z	-130.432944069436	41.7490326031895
gp24-416-20	210328	2021-05-07T16:25:24Z	662		0	15		2,10,20,38,50,98,100,124,168,200,300,400,500,660,662	12.170,12.139,12.044,10.746,10.502,10.101,10.069,9.762,7.874,7.567,6.182,5.286,4.947,4.302,4.302															0	0,0,0,0,0,0,0,0,0,0,0,0,0,0,0			2021-05-17T02:53:49Z	2021-05-18T05:54:26Z	-130.330055505611	41.7122245966417
gp24-416-20	210328	2021-05-08T02:02:24Z	720		0	15		2,10,20,50,98,100,108,120,140,200,300,382,500,700,720	12.998,12.792,12.689,11.447,10.538,10.504,10.341,9.630,8.962,8.087,7.008,6.073,5.199,4.454,4.428															0	0,0,0,0,0,0,0,0,0,0,0,0,0,0,0			2021-05-17T02:53:49Z	2021-05-18T05:54:26Z	-129.80973072019	41.5360658357593
gp24-416-20	210328	2021-05-08T16:30:24Z	594		0	15		2,10,20,50,82,98,100,142,200,300,366,400,500,590,594	13.076,13.076,12.978,12.010,11.206,11.075,11.042,10.369,8.409,7.154,6.121,6.096,5.227,4.874,4.874															0	0,0,0,0,0,0,0,0,0,0,0,0,0,0,0			2021-05-17T02:53:49Z	2021-05-18T05:54:26Z	-129.400203958288	41.3513280288875
gp24-416-20	210328	2021-05-08T20:12:00Z	558		0	15		2,10,20,50,98,100,146,172,200,300,400,450,500,546,558	13.158,13.028,12.549,11.940,10.989,10.924,9.877,8.886,8.374,7.359,6.019,5.442,5.223,5.036,5.036															0	0,0,0,0,0,0,0,0,0,0,0,0,0,0,0			2021-05-17T02:53:49Z	2021-05-18T05:54:26Z	-129.218236463882	41.252413129682
gp24-416-20	210328	2021-05-09T02:37:12Z	578		0	15		2,10,20,50,98,100,126,152,200,236,300,400,430,500,578	13.048,12.916,12.686,11.722,10.750,10.684,10.165,9.136,8.395,8.230,7.489,6.262,5.809,5.224,4.812															0	0,0,0,0,0,0,0,0,0,0,0,0,0,0,0			2021-05-17T02:53:49Z	2021-05-18T05:54:26Z	-128.854135353885	41.0572854860287
gp24-416-20	210328	2021-05-09T10:05:36Z	204		0	15		2,10,20,26,30,36,50,75,98,100,116,134,150,200,204	12.852,12.834,12.779,12.670,12.334,11.798,11.584,11.084,10.639,10.603,10.462,9.694,9.217,8.322,8.308															0	0,0,0,0,0,0,0,0,0,0,0,0,0,0,0			2021-05-17T02:53:49Z	2021-05-18T05:54:26Z	-128.433530376115	40.8903280175968
gp24-416-20	210328	2021-05-09T20:24:00Z	552		0	14		2,10,20,50,98,100,118,144,200,242,300,400,500,552	12.360,12.301,12.213,10.743,9.964,9.905,9.589,8.406,7.832,7.053,6.825,5.752,5.297,5.010															0	0,0,0,0,0,0,0,0,0,0,0,0,0,0			2021-05-17T02:53:49Z	2021-05-18T05:54:26Z	-127.828062972543	40.6422232031157
gp24-416-20	210328	2021-05-10T02:34:00Z	506		0	15		2,10,20,28,34,50,58,98,100,144,200,300,400,500,506	12.382,12.354,12.268,11.906,11.182,10.706,10.905,9.563,9.542,8.477,7.923,6.809,5.836,5.303,5.282															0	0,0,0,0,0,0,0,0,0,0,0,0,0,0,0			2021-05-17T02:53:49Z	2021-05-18T05:54:26Z	-127.713548880692	40.4778628616188
gp24-416-20	210328	2021-05-10T09:28:00Z	470		0	15		2,10,20,32,50,66,98,100,114,150,200,300,350,400,470	12.598,12.598,12.569,12.398,11.643,10.972,10.274,10.160,9.240,8.655,8.398,7.172,6.359,5.996,5.468															0	0,0,0,0,0,0,0,0,0,0,0,0,0,0,0			2021-05-17T02:53:49Z	2021-05-18T05:54:26Z	-127.484366944207	40.181462668857
gp24-416-20	210328	2021-05-10T14:40:36Z	510		0	15		2,10,20,50,64,78,84,98,100,152,200,300,400,500,510	12.442,12.414,12.414,11.858,11.746,11.225,10.810,10.564,10.480,8.658,8.165,6.836,6.097,5.408,5.408															0	0,0,0,0,0,0,0,0,0,0,0,0,0,0,0			2021-05-17T02:53:49Z	2021-05-18T05:54:26Z	-127.328321271258	40.0355217441324
gp24-416-20	210328	2021-05-11T08:20:00Z	518		0	15		2,10,20,34,42,50,98,100,116,136,200,300,400,500,518	11.402,11.402,11.402,11.281,10.926,11.185,9.841,9.745,9.130,9.058,8.112,7.027,6.177,5.466,5.376															0	0,0,0,0,0,0,0,0,0,0,0,0,0,0,0			2021-05-17T02:53:49Z	2021-05-18T05:54:26Z	-126.502765664819	39.6553687879134
gp24-416-20	210328	2021-05-11T15:23:48Z	506		0	14		2,10,20,36,50,58,80,100,136,200,300,400,500,506	11.552,11.552,11.527,11.355,10.196,9.395,8.889,8.864,8.260,7.681,6.639,5.819,5.388,5.388															0	0,0,0,0,0,0,0,0,0,0,0,0,0,0			2021-05-17T02:53:49Z	2021-05-18T05:54:26Z	-126.222776238748	39.4772642490694
gp24-416-20	210328	2021-05-12T15:09:00Z	354		0	15		2,10,20,30,40,50,60,74,84,98,100,150,200,300,354	11.254,11.254,11.236,11.200,10.969,9.991,9.656,10.131,9.280,9.370,9.352,8.854,8.234,7.097,6.726															0	0,0,0,0,0,0,0,0,0,0,0,0,0,0,0			2021-05-17T02:53:49Z	2021-05-18T05:54:26Z	-125.315865025885	38.6540105776556
gp24-416-20	210328	2021-05-13T03:31:24Z	452		0	14		2,10,20,50,68,78,98,100,150,200,252,300,400,452	11.248,11.225,11.113,10.802,10.384,9.273,8.810,8.742,8.257,7.771,6.953,6.642,5.931,5.604															0	0,0,0,0,0,0,0,0,0,0,0,0,0,0			2021-05-17T02:53:49Z	2021-05-18T05:54:26Z	-124.77753202459	38.131542206357
gp24-416-20	210328	2021-05-13T09:24:24Z	366		0	15		2,10,16,20,30,50,100,104,150,200,262,286,300,344,366	11.180,10.914,10.193,10.096,9.868,9.791,9.413,9.433,8.537,8.291,7.666,6.906,7.042,6.829,6.340															0	0,0,0,0,0,0,0,0,0,0,0,0,0,0,0			2021-05-17T02:53:49Z	2021-05-18T05:54:26Z	-124.659181128965	38.1150414200047
gp24-416-20	210328	2021-05-14T03:22:48Z	266		0	15		2,10,14,20,24,30,50,66,75,98,100,150,200,226,266	10.138,9.932,9.651,9.467,9.263,9.219,9.057,9.027,8.887,8.617,8.595,8.293,7.883,7.613,7.388															0	0,0,0,0,0,0,0,0,0,0,0,0,0,0,0			2021-05-17T02:53:49Z	2021-05-18T05:54:26Z	-123.747244915087	37.9046104366719
gp24-416-20	210328	2021-05-14T16:50:36Z	448		0	15		2,10,20,40,50,72,98,100,150,200,246,274,300,400,448	10.426,10.411,10.395,10.092,9.536,9.098,8.964,8.948,8.438,7.939,7.444,7.536,7.356,6.795,6.588															0	0,0,0,0,0,0,0,0,0,0,0,0,0,0,0			2021-05-17T02:53:49Z	2021-05-18T05:54:26Z	-123.264420933537	37.666946981205
gp24-416-20	210328	2021-05-15T11:07:12Z	26		0	12		2,6,8,10,12,14,16,18,20,22,24,26	9.706,9.701,9.695,9.695,9.695,9.697,9.688,9.674,9.600,9.386,9.298,9.258															0	0,0,0,0,0,0,0,0,0,0,0,0			2021-05-17T02:53:49Z	2021-05-18T05:54:26Z	-122.50471558181	37.2868396403417
