REF	PTT	END_DATE	MAX_DBAR	CNT	NUM	N_TEMP	N_PHOTO	TEMP_DBAR	TEMP_VALS	N_COND	COND_DBAR	COND_VALS	N_SAL	SAL_DBAR	SAL_VALS	N_FLUORO	FLUORO_DBAR	FLUORO_VALS	N_OXY	OXY_DBAR	OXY_VALS	PHOTO_DBAR	PHOTO_VALS	QC_PROFILE	QC_TEMP	QC_SAL	SAL_CORRECTED_VALS	CREATED	MODIFIED	LON	LAT
gp24-421-20	210333	2020-12-21T11:00:36Z	904		0	14		2,10,20,50,100,200,222,300,392,458,500,512,700,904	13.677,13.677,13.677,13.677,13.675,13.674,13.670,13.673,13.704,13.758,13.765,13.770,13.752,13.770															0	0,0,0,0,0,0,0,0,0,0,0,0,0,0			2020-12-21T13:12:23Z	2020-12-21T13:12:23Z		
gp24-421-20	210333	2021-02-15T06:11:12Z	98		0	15		2,10,20,30,40,50,54,60,66,70,75,78,84,90,98	11.588,11.523,11.516,11.516,11.516,11.453,11.340,11.031,10.734,10.430,10.360,10.261,10.169,9.930,9.790															0	0,0,0,0,0,0,0,0,0,0,0,0,0,0,0			2021-05-11T19:53:53Z	2021-05-12T13:29:58Z	-122.410491406433	37.0814419018768
gp24-421-20	210333	2021-02-15T08:17:12Z	164		0	15		2,10,20,30,44,50,54,60,75,86,98,100,125,150,164	12.004,11.946,11.937,11.908,11.776,11.504,11.428,11.089,10.873,10.476,10.195,10.176,10.082,9.789,9.602															0	0,0,0,0,0,0,0,0,0,0,0,0,0,0,0			2021-05-11T19:53:53Z	2021-05-12T13:29:58Z	-122.478065004245	37.0252261650297
gp24-421-20	210333	2021-02-15T08:44:12Z	248		0	15		2,10,20,30,40,50,75,98,100,150,158,170,186,200,248	12.030,11.963,11.946,11.912,11.815,11.385,10.821,10.159,10.142,9.712,9.565,9.004,8.688,8.642,7.816															0	0,0,0,0,0,0,0,0,0,0,0,0,0,0,0			2021-05-11T19:53:53Z	2021-05-12T13:29:58Z	-122.492545075978	37.0131799270349
gp24-421-20	210333	2021-02-15T10:05:36Z	518		0	15		2,10,20,42,50,98,100,170,200,228,254,300,400,500,518	12.036,11.960,11.934,11.883,11.559,10.237,10.212,9.417,8.642,8.394,7.574,7.523,6.672,5.928,5.680															0	0,0,0,0,0,0,0,0,0,0,0,0,0,0,0			2021-05-11T19:53:53Z	2021-05-12T13:29:58Z	-122.536199810531	36.9768627503966
gp24-421-20	210333	2021-02-15T14:32:12Z	462		0	15		2,10,20,50,74,98,100,150,200,250,300,326,400,456,462	12.106,12.082,12.011,11.803,10.613,10.071,10.047,9.536,9.072,8.042,7.554,7.108,6.454,6.156,6.174															0	0,0,0,0,0,0,0,0,0,0,0,0,0,0,0			2021-05-11T19:53:53Z	2021-05-12T13:29:58Z	-122.44982191217	36.9689008447753
gp24-421-20	210333	2021-02-15T20:28:24Z	504		0	15		2,10,20,38,50,60,98,100,200,228,300,400,500,502,504	12.480,12.399,12.265,12.084,11.110,10.398,9.867,9.814,8.766,7.974,7.262,6.603,5.764,5.764,5.764															0	0,0,0,0,0,0,0,0,0,0,0,0,0,0,0			2021-05-11T19:53:53Z	2021-05-12T13:29:58Z	-122.646778041559	36.6651169218844
gp24-421-20	210333	2021-02-16T02:19:12Z	492		0	14		2,10,20,50,82,98,100,150,200,282,300,312,400,492	12.362,12.362,12.336,11.921,9.773,9.621,9.621,9.055,8.383,7.579,7.039,7.322,6.156,5.774															0	0,0,0,0,0,0,0,0,0,0,0,0,0,0			2021-05-11T19:53:53Z	2021-05-12T13:29:58Z	-122.819109239063	36.6437606506974
gp24-421-20	210333	2021-02-16T04:49:00Z	628		0	15		2,10,20,36,50,66,98,100,200,300,316,324,400,500,628	12.314,12.314,12.286,12.286,11.809,10.136,9.517,9.488,8.235,7.203,7.004,7.232,6.200,5.751,5.196															0	0,0,0,0,0,0,0,0,0,0,0,0,0,0,0			2021-05-11T19:53:53Z	2021-05-12T13:29:58Z	-123.01113148065	36.6677427883051
gp24-421-20	210333	2021-02-16T15:20:00Z	496		0	15		2,10,20,50,68,76,82,90,98,100,150,200,300,400,496	11.840,11.840,11.890,11.890,11.005,9.959,9.784,9.959,9.591,9.541,8.906,8.345,7.417,6.489,5.660															0	0,0,0,0,0,0,0,0,0,0,0,0,0,0,0			2021-05-11T19:53:53Z	2021-05-12T13:29:58Z	-123.607915927152	36.5195567729152
gp24-421-20	210333	2021-02-16T21:16:24Z	306		0	15		2,10,20,30,50,56,64,68,98,100,150,200,214,300,306	11.914,11.896,11.877,11.804,11.713,11.480,10.498,10.265,9.475,9.475,8.689,8.132,8.150,7.396,7.346															0	0,0,0,0,0,0,0,0,0,0,0,0,0,0,0			2021-05-11T19:53:53Z	2021-05-12T13:29:58Z	-123.82707997562	36.5832994246798
gp24-421-20	210333	2021-02-18T09:28:12Z	210		0	15		2,10,20,30,40,50,56,62,75,100,150,162,180,200,210	5.500,5.637,5.849,6.121,6.286,5.999,5.837,5.943,5.880,5.858,5.924,5.958,6.296,6.227,6.080															0	0,0,0,0,0,0,0,0,0,0,0,0,0,0,0			2021-05-11T19:53:53Z	2021-05-12T13:29:58Z	-125.182115514352	36.8190663263281
gp24-421-20	210333	2021-02-18T09:54:36Z	380		0	15		2,10,20,30,50,62,100,150,200,206,274,300,338,356,380	4.384,4.502,4.675,4.827,5.098,4.783,5.064,5.289,5.772,5.818,5.435,5.081,4.856,5.166,4.985															0	0,0,0,0,0,0,0,0,0,0,0,0,0,0,0			2021-05-11T19:53:53Z	2021-05-12T13:29:58Z	-125.211527843365	36.8275581242155
gp24-421-20	210333	2021-02-18T10:22:36Z	482		0	15		2,10,20,34,50,64,100,150,200,246,292,300,356,400,482	6.751,6.859,7.017,7.298,6.859,6.133,5.951,6.145,6.825,7.054,6.593,5.880,4.860,5.079,4.208															0	0,0,0,0,0,0,0,0,0,0,0,0,0,0,0			2021-05-11T19:53:53Z	2021-05-12T13:29:58Z	-125.242722676534	36.8365645750465
gp24-421-20	210333	2021-02-18T16:09:36Z	576		0	15		2,10,20,50,76,100,200,300,346,400,426,448,460,500,576	2.819,2.899,3.009,2.627,2.488,2.496,2.930,3.261,3.936,3.775,3.746,5.056,4.753,4.833,4.643															0	0,0,0,0,0,0,0,0,0,0,0,0,0,0,0			2021-05-11T19:53:53Z	2021-05-12T13:29:58Z	-125.447733347151	36.9241458791341
gp24-421-20	210333	2021-02-19T08:18:00Z	534		0	15		2,10,20,36,44,50,100,158,200,224,260,300,400,500,534	6.906,6.974,6.936,7.250,6.700,6.690,6.592,6.562,7.142,7.596,6.974,6.572,5.578,5.114,5.086															0	0,0,0,0,0,0,0,0,0,0,0,0,0,0,0			2021-05-11T19:53:53Z	2021-05-12T13:29:58Z	-125.650669071922	36.8744160888044
gp24-421-20	210333	2021-02-19T14:32:48Z	454		0	15		2,10,20,50,76,100,150,200,208,300,334,372,400,450,454	7.665,7.555,7.216,7.336,6.648,6.767,6.777,7.574,7.878,7.006,6.877,6.043,5.870,5.540,5.612															0	0,0,0,0,0,0,0,0,0,0,0,0,0,0,0			2021-05-11T19:53:53Z	2021-05-12T13:29:58Z	-125.737412917497	37.0505405852497
gp24-421-20	210333	2021-02-19T16:23:48Z	548		0	15		2,10,20,50,60,76,94,100,130,200,268,300,400,500,548	7.302,7.292,7.243,7.166,7.107,6.515,6.456,6.204,5.748,6.273,7.067,6.807,5.632,5.078,4.828															0	0,0,0,0,0,0,0,0,0,0,0,0,0,0,0			2021-05-11T19:53:53Z	2021-05-12T13:29:58Z	-125.877297602371	37.0211039935304
gp24-421-20	210333	2021-02-19T20:11:12Z	566		0	15		2,10,20,50,72,86,100,146,200,260,300,400,426,500,566	6.839,6.832,6.990,7.009,7.112,6.315,6.100,6.052,6.418,7.198,6.925,5.763,5.452,5.048,4.806															0	0,0,0,0,0,0,0,0,0,0,0,0,0,0,0			2021-05-11T19:53:53Z	2021-05-12T13:29:58Z	-126.163882304476	36.9607986652798
gp24-421-20	210333	2021-02-20T08:22:00Z	530		0	15		2,10,20,50,80,90,100,162,200,222,246,300,400,500,530	8.484,8.520,8.602,8.736,8.377,7.185,6.813,6.826,7.507,8.246,8.341,8.018,6.707,5.883,5.694															0	0,0,0,0,0,0,0,0,0,0,0,0,0,0,0			2021-05-11T19:53:53Z	2021-05-12T13:29:58Z	-126.788609963629	36.9837285341279
gp24-421-20	210333	2021-02-21T20:12:24Z	608		0	15		2,10,20,50,72,90,98,100,148,200,252,300,400,500,608	12.992,12.960,12.928,12.928,12.703,10.945,10.656,10.592,9.307,8.833,8.488,7.734,6.754,5.654,4.964															0	0,0,0,0,0,0,0,0,0,0,0,0,0,0,0			2021-05-11T19:53:53Z	2021-05-12T13:29:58Z	-127.739856954778	37.6432711039042
gp24-421-20	210333	2021-02-22T08:21:48Z	534		0	15		2,10,20,50,74,96,100,116,142,200,300,400,500,504,534	13.034,13.002,13.002,12.872,12.234,10.714,10.714,9.890,9.260,8.468,7.102,5.995,4.952,4.952,4.952															0	0,0,0,0,0,0,0,0,0,0,0,0,0,0,0			2021-05-11T19:53:53Z	2021-05-12T13:29:58Z	-128.215509634005	37.8215306485653
gp24-421-20	210333	2021-02-22T14:14:24Z	470		0	15		2,10,20,38,46,50,88,100,150,200,300,400,428,466,470	12.984,13.014,12.953,12.740,11.872,11.728,9.993,9.726,8.920,8.296,7.040,6.058,5.549,5.404,5.404															0	0,0,0,0,0,0,0,0,0,0,0,0,0,0,0			2021-05-11T19:53:53Z	2021-05-12T13:29:58Z	-128.500138931967	37.9828581777555
gp24-421-20	210333	2021-02-22T20:13:00Z	546		0	15		2,10,20,50,62,72,98,100,130,200,300,400,446,500,546	13.142,13.142,13.142,12.978,12.782,11.472,9.891,9.867,9.154,8.385,6.976,5.879,5.175,5.142,4.954															0	0,0,0,0,0,0,0,0,0,0,0,0,0,0,0			2021-05-11T19:53:53Z	2021-05-12T13:29:58Z	-128.750009627759	38.1510889518806
gp24-421-20	210333	2021-02-23T02:14:00Z	540		0	15		2,10,20,50,58,66,98,100,200,238,300,400,500,536,540	12.566,12.537,12.507,12.273,12.075,11.210,9.399,9.260,8.051,7.816,6.783,5.925,5.405,5.236,5.236															0	0,0,0,0,0,0,0,0,0,0,0,0,0,0,0			2021-05-11T19:53:53Z	2021-05-12T13:29:58Z	-128.649903991767	38.2455480437688
gp24-421-20	210333	2021-02-23T08:22:00Z	520		0	15		2,10,20,50,62,78,98,100,180,200,300,400,500,506,520	12.292,12.322,12.322,11.967,11.738,10.231,9.537,9.478,8.554,7.941,6.759,5.857,5.104,4.934,4.956															0	0,0,0,0,0,0,0,0,0,0,0,0,0,0,0			2021-05-11T19:53:53Z	2021-05-12T13:29:58Z	-128.66337840692	38.2994476114233
gp24-421-20	210333	2021-02-23T15:04:12Z	198		0	15		2,10,20,30,50,75,88,98,100,108,125,150,156,164,198	12.782,12.766,12.717,12.429,12.113,11.825,11.205,10.013,9.920,9.632,9.551,8.837,8.756,8.996,8.728															0	0,0,0,0,0,0,0,0,0,0,0,0,0,0,0			2021-05-11T19:53:53Z	2021-05-12T13:29:58Z	-128.942802751157	38.4128637293372
gp24-421-20	210333	2021-02-23T15:32:48Z	540		0	15		2,10,20,50,84,98,100,150,172,200,250,300,400,500,540	12.420,12.420,12.391,11.987,11.694,10.257,10.118,8.849,8.908,8.475,8.021,7.068,6.034,5.257,5.088															0	0,0,0,0,0,0,0,0,0,0,0,0,0,0,0			2021-05-11T19:53:53Z	2021-05-12T13:29:58Z	-128.962672110344	38.4209286115452
gp24-421-20	210333	2021-02-24T16:32:24Z	540		0	15		2,10,20,50,98,100,106,124,142,200,300,400,500,538,540	13.010,13.010,13.010,12.949,12.408,12.202,11.211,9.961,10.228,8.848,7.240,6.013,5.533,5.388,5.388															0	0,0,0,0,0,0,0,0,0,0,0,0,0,0,0			2021-05-11T19:53:53Z	2021-05-12T13:29:58Z	-129.69327686138	38.9022792009397
gp24-421-20	210333	2021-02-25T02:51:48Z	508		0	15		2,10,20,50,86,98,100,116,130,200,300,390,400,500,508	12.995,12.995,13.026,12.995,12.965,12.186,12.064,10.385,9.790,8.981,7.722,6.768,6.409,5.394,5.394															0	0,0,0,0,0,0,0,0,0,0,0,0,0,0,0			2021-05-11T19:53:53Z	2021-05-12T13:29:58Z	-130.321223416083	39.0318241892568
gp24-421-20	210333	2021-02-25T08:17:00Z	510		0	15		2,10,20,50,78,90,98,100,124,200,300,400,440,500,510	13.079,13.108,13.079,12.965,12.765,11.959,10.810,10.696,9.911,9.383,8.206,6.950,6.307,6.022,5.972															0	0,0,0,0,0,0,0,0,0,0,0,0,0,0,0			2021-05-11T19:53:53Z	2021-05-12T13:29:58Z	-130.420736518825	39.0873457750378
gp24-421-20	210333	2021-02-25T14:14:36Z	466		0	15		2,10,20,50,84,94,98,100,124,150,200,300,400,464,466	13.008,13.036,13.036,13.036,12.898,12.032,11.358,11.007,9.934,9.528,8.985,7.802,6.750,6.158,6.158															0	0,0,0,0,0,0,0,0,0,0,0,0,0,0,0			2021-05-11T19:53:53Z	2021-05-12T13:29:58Z	-130.671723711573	39.2357692247034
gp24-421-20	210333	2021-02-25T21:27:12Z	312		0	15		2,10,20,30,50,60,74,82,98,100,136,150,200,300,312	13.066,13.042,13.019,12.971,12.853,12.741,11.948,11.925,10.700,10.511,9.098,8.891,8.678,7.241,7.152															0	0,0,0,0,0,0,0,0,0,0,0,0,0,0,0			2021-05-11T19:53:53Z	2021-05-12T13:29:58Z	-130.83267855645	39.3977976763202
gp24-421-20	210333	2021-02-25T23:39:36Z	630		0	15		2,10,20,50,84,98,100,112,136,200,300,400,454,500,630	13.102,13.069,13.069,12.870,12.025,10.791,10.626,9.789,9.102,8.522,7.255,6.311,5.656,5.599,4.820															0	0,0,0,0,0,0,0,0,0,0,0,0,0,0,0			2021-05-11T19:53:53Z	2021-05-12T13:29:58Z	-130.907718802255	39.4197471720495
gp24-421-20	210333	2021-02-26T02:26:36Z	562		0	15		2,10,20,50,74,98,100,118,140,154,200,300,400,500,562	13.030,13.062,13.030,12.619,12.458,10.814,10.653,9.645,9.073,9.202,8.509,7.462,6.326,5.350,5.004															0	0,0,0,0,0,0,0,0,0,0,0,0,0,0,0			2021-05-11T19:53:53Z	2021-05-12T13:29:58Z	-130.975451214513	39.4433023501597
gp24-421-20	210333	2021-02-26T08:33:12Z	542		0	15		2,10,20,50,72,94,98,100,136,148,200,300,400,500,542	12.876,12.876,12.908,12.748,11.771,11.739,11.243,11.051,9.138,9.322,8.450,7.161,6.185,5.056,4.904															0	0,0,0,0,0,0,0,0,0,0,0,0,0,0,0			2021-05-11T19:53:53Z	2021-05-12T13:29:58Z	-131.053602166973	39.6481150800506
gp24-421-20	210333	2021-02-26T15:19:48Z	520		0	15		2,10,20,50,60,68,76,100,118,156,200,300,400,500,520	13.031,13.031,13.031,13.062,12.519,10.927,10.115,9.579,9.878,8.944,8.737,7.413,6.304,5.492,5.408															0	0,0,0,0,0,0,0,0,0,0,0,0,0,0,0			2021-05-11T19:53:53Z	2021-05-12T13:29:58Z	-131.130543370591	39.79029256989
gp24-421-20	210333	2021-02-26T20:21:48Z	554		0	15		2,10,20,50,88,96,98,100,116,200,300,400,500,552,554	12.794,12.733,12.343,12.221,12.038,11.649,10.786,10.633,9.404,8.151,7.403,6.143,5.395,5.158,5.158															0	0,0,0,0,0,0,0,0,0,0,0,0,0,0,0			2021-05-11T19:53:53Z	2021-05-12T13:29:58Z	-131.315036026564	39.8647986722107
gp24-421-20	210333	2021-02-27T02:22:48Z	580		0	15		2,10,20,50,98,100,106,120,132,200,260,300,400,500,580	12.372,12.372,12.404,12.436,12.372,12.372,12.114,10.348,9.647,7.979,7.568,7.092,5.480,4.811,4.376															0	0,0,0,0,0,0,0,0,0,0,0,0,0,0,0			2021-05-11T19:53:53Z	2021-05-12T13:29:58Z	-131.660731729048	39.9712122486025
gp24-421-20	210333	2021-02-27T09:13:00Z	410		0	15		2,10,20,50,80,98,100,124,138,150,200,260,300,400,410	10.896,10.947,11.024,11.223,11.352,11.024,10.973,10.086,9.032,8.679,7.316,6.886,6.256,5.074,4.926															0	0,0,0,0,0,0,0,0,0,0,0,0,0,0,0			2021-05-11T19:53:53Z	2021-05-12T13:29:58Z	-131.9289805903	40.1631546169977
gp24-421-20	210333	2021-02-27T14:16:48Z	550		0	15		2,10,20,50,98,100,112,134,172,200,300,400,442,500,550	12.736,12.768,12.768,12.800,12.768,12.768,12.511,11.098,9.397,8.675,7.350,6.026,5.464,5.175,4.774															0	0,0,0,0,0,0,0,0,0,0,0,0,0,0,0			2021-05-11T19:53:53Z	2021-05-12T13:29:58Z	-132.292687493391	40.2112396119354
gp24-421-20	210333	2021-02-27T17:00:00Z	660		0	15		2,10,20,50,100,122,126,130,158,200,226,300,400,500,660	10.325,10.353,10.353,10.438,10.902,11.184,11.099,10.712,9.191,8.226,7.783,7.064,5.684,4.853,4.142															0	0,0,0,0,0,0,0,0,0,0,0,0,0,0,0			2021-05-11T19:53:53Z	2021-05-12T13:29:58Z	-132.347010201584	40.2828398851525
gp24-421-20	210333	2021-02-28T11:50:12Z	520		0	14		2,10,20,50,98,100,126,146,162,200,300,400,500,520	12.606,12.606,12.544,12.235,12.026,11.964,10.024,9.266,8.725,8.206,7.116,5.995,5.052,4.874															0	0,0,0,0,0,0,0,0,0,0,0,0,0,0			2021-05-11T19:53:53Z	2021-05-12T13:29:58Z	-133.036759802121	40.5616798987355
gp24-421-20	210333	2021-03-01T02:26:24Z	616		0	15		2,10,20,50,98,100,108,124,144,200,248,300,400,500,616	9.114,9.202,9.268,9.180,9.092,9.070,8.812,7.714,7.028,6.358,7.006,6.682,5.474,4.420,3.778															0	0,0,0,0,0,0,0,0,0,0,0,0,0,0,0			2021-05-11T19:53:53Z	2021-05-12T13:29:58Z	-133.092046707155	40.8148639258308
gp24-421-20	210333	2021-03-01T09:44:12Z	502		0	15		2,10,20,50,98,100,112,122,126,160,200,300,400,500,502	9.403,9.468,9.515,9.656,9.726,9.609,8.593,7.971,8.018,7.056,6.499,5.882,4.797,3.923,3.858															0	0,0,0,0,0,0,0,0,0,0,0,0,0,0,0			2021-05-11T19:53:53Z	2021-05-12T13:29:58Z	-133.573794654487	40.9324043691999
gp24-421-20	210333	2021-03-01T14:47:12Z	528		0	15		2,10,20,50,98,100,120,146,168,200,266,300,400,500,528	10.625,10.856,11.080,11.506,11.650,11.592,9.918,9.521,8.734,8.193,7.370,7.175,5.876,4.598,4.432															0	0,0,0,0,0,0,0,0,0,0,0,0,0,0,0			2021-05-11T19:53:53Z	2021-05-12T13:29:58Z	-133.870123837111	41.0847910882255
gp24-421-20	210333	2021-03-02T02:19:24Z	622		0	15		2,10,20,50,100,106,142,200,248,282,300,354,400,500,622	6.420,6.449,6.506,6.702,6.420,6.631,5.219,4.184,3.314,3.485,3.917,4.812,4.602,3.707,3.136															0	0,0,0,0,0,0,0,0,0,0,0,0,0,0,0			2021-05-11T19:53:53Z	2021-05-12T13:29:58Z	-134.126160990069	41.407384370116
gp24-421-20	210333	2021-03-02T08:29:12Z	480		0	15		2,10,20,50,98,100,122,130,134,150,174,200,300,400,480	10.471,10.526,10.602,10.767,10.932,10.932,10.306,9.631,9.039,8.041,7.256,7.173,6.017,4.991,4.048															0	0,0,0,0,0,0,0,0,0,0,0,0,0,0,0			2021-05-11T19:53:53Z	2021-05-12T13:29:58Z	-134.305295687132	41.4549701769807
gp24-421-20	210333	2021-03-02T16:02:00Z	564		0	15		2,10,20,50,84,98,100,108,130,148,200,300,400,500,564	11.421,11.480,11.510,11.242,10.692,9.903,9.874,9.465,9.234,8.386,7.598,7.047,5.582,4.533,4.072															0	0,0,0,0,0,0,0,0,0,0,0,0,0,0,0			2021-05-11T19:53:53Z	2021-05-12T13:29:58Z	-134.561177307191	41.6018619861088
gp24-421-20	210333	2021-03-02T20:42:00Z	476		0	15		2,10,20,50,100,110,116,134,150,178,200,224,300,400,476	10.569,10.569,10.621,10.795,11.054,11.106,10.847,9.353,8.744,7.955,7.755,7.780,6.739,5.445,4.636															0	0,0,0,0,0,0,0,0,0,0,0,0,0,0,0			2021-05-11T19:53:53Z	2021-05-12T13:29:58Z	-134.52603603738	41.7192243479466
gp24-421-20	210333	2021-03-03T02:07:12Z	482		0	15		2,10,20,50,98,100,112,120,134,150,200,266,300,400,482	9.398,9.420,9.442,9.549,9.614,9.592,9.102,8.240,7.436,7.539,7.162,6.633,6.164,5.086,4.224															0	0,0,0,0,0,0,0,0,0,0,0,0,0,0,0			2021-05-11T19:53:53Z	2021-05-12T13:29:58Z	-134.689227640999	41.9335743056245
gp24-421-20	210333	2021-03-03T09:04:36Z	316		0	15		2,10,20,30,50,74,98,100,128,142,150,174,200,300,316	11.254,11.274,11.294,11.315,11.355,11.396,10.933,10.892,9.657,8.502,8.344,7.566,7.546,6.508,6.310															0	0,0,0,0,0,0,0,0,0,0,0,0,0,0,0			2021-05-11T19:53:53Z	2021-05-12T13:29:58Z	-135.124909252627	42.0308604698136
gp24-421-20	210333	2021-03-03T09:27:12Z	438		0	14		2,10,20,50,98,100,112,138,150,168,200,300,400,438	11.123,11.176,11.202,11.280,10.895,10.869,10.510,8.514,8.233,7.646,7.542,6.570,5.213,4.756															0	0,0,0,0,0,0,0,0,0,0,0,0,0,0			2021-05-11T19:53:53Z	2021-05-12T13:29:58Z	-135.134194397095	42.0400298593823
gp24-421-20	210333	2021-03-03T20:12:36Z	622		0	15		2,10,20,50,98,100,106,136,156,200,300,400,464,500,622	11.352,11.352,11.352,11.380,11.323,11.295,11.067,9.062,8.195,7.669,6.581,5.301,4.768,4.682,4.270															0	0,0,0,0,0,0,0,0,0,0,0,0,0,0,0			2021-05-11T19:53:53Z	2021-05-12T13:29:58Z	-135.303602510778	42.4351325660897
gp24-421-20	210333	2021-03-04T14:18:00Z	494		0	15		2,10,20,50,98,100,108,134,150,172,200,250,300,400,494	10.646,10.646,10.672,10.697,10.748,10.723,10.570,9.103,8.551,7.859,7.459,7.186,6.335,5.192,4.398															0	0,0,0,0,0,0,0,0,0,0,0,0,0,0,0			2021-05-11T19:53:53Z	2021-05-12T13:29:58Z	-136.005819785484	42.8202457883237
gp24-421-20	210333	2021-03-04T17:08:00Z	634		0	15		2,10,20,50,98,100,124,140,176,200,300,320,400,500,634	10.823,10.823,10.823,10.850,10.823,10.796,9.240,8.636,7.797,7.609,6.374,5.952,5.267,4.556,4.140															0	0,0,0,0,0,0,0,0,0,0,0,0,0,0,0			2021-05-11T19:53:53Z	2021-05-12T13:29:58Z	-136.155015568075	42.9269058153538
gp24-421-20	210333	2021-03-04T20:19:24Z	680		0	15		2,10,20,50,98,100,108,126,138,154,200,300,400,500,680	10.779,10.779,10.806,10.834,10.834,10.806,10.669,9.506,9.107,8.184,7.593,6.512,5.377,4.599,3.952															0	0,0,0,0,0,0,0,0,0,0,0,0,0,0,0			2021-05-11T19:53:53Z	2021-05-12T13:29:58Z	-136.143430604566	43.0698453375902
gp24-421-20	210333	2021-03-05T02:27:00Z	592		0	15		2,10,20,50,98,100,114,140,176,200,300,400,500,582,592	10.859,10.885,10.885,10.912,10.647,10.620,10.308,8.589,7.733,7.601,6.433,5.444,4.634,4.276,4.276															0	0,0,0,0,0,0,0,0,0,0,0,0,0,0,0			2021-05-11T19:53:53Z	2021-05-12T13:29:58Z	-136.150726307736	43.0601234030272
gp24-421-20	210333	2021-03-05T09:14:12Z	418		0	15		2,10,20,50,98,100,134,142,150,166,200,264,300,400,418	10.783,10.805,10.805,10.828,10.692,10.670,10.003,9.252,8.918,8.280,7.766,7.370,6.862,5.460,5.178															0	0,0,0,0,0,0,0,0,0,0,0,0,0,0,0			2021-05-11T19:53:53Z	2021-05-12T13:29:58Z	-136.529208344541	43.1051326223862
gp24-421-20	210333	2021-03-06T15:15:00Z	376		0	15		2,10,20,30,50,100,104,120,132,138,150,200,240,300,376	10.662,10.662,10.681,10.681,10.681,10.700,10.700,10.605,9.836,9.144,8.733,8.265,7.439,6.804,5.926															0	0,0,0,0,0,0,0,0,0,0,0,0,0,0,0			2021-05-11T19:53:53Z	2021-05-12T13:29:58Z	-137.517850846303	43.6505725003508
gp24-421-20	210333	2021-03-06T16:41:24Z	576		0	15		2,10,20,50,98,100,122,144,158,200,300,400,460,500,576	10.671,10.671,10.671,10.696,10.596,10.596,10.445,9.218,8.729,8.284,6.837,5.685,5.021,4.770,4.432															0	0,0,0,0,0,0,0,0,0,0,0,0,0,0,0			2021-05-11T19:53:53Z	2021-05-12T13:29:58Z	-137.512314994376	43.653458558409
gp24-421-20	210333	2021-03-06T20:20:48Z	632		0	15		2,10,20,50,98,100,112,130,148,200,300,346,400,500,632	10.431,10.456,10.456,10.456,10.406,10.406,10.305,9.737,8.847,7.831,6.714,5.925,5.408,4.613,4.146															0	0,0,0,0,0,0,0,0,0,0,0,0,0,0,0			2021-05-11T19:53:53Z	2021-05-12T13:29:58Z	-137.44513942645	43.7249363831304
gp24-421-20	210333	2021-03-07T21:23:36Z	714		0	15		2,10,20,50,98,100,114,132,140,200,300,386,500,700,714	9.695,9.695,9.695,9.695,9.718,9.718,9.625,8.642,8.439,7.642,6.294,5.317,4.561,3.921,3.904															0	0,0,0,0,0,0,0,0,0,0,0,0,0,0,0			2021-05-11T19:53:53Z	2021-05-12T13:29:58Z	-138.408440738543	44.3201375193318
gp24-421-20	210333	2021-03-08T19:21:48Z	684		0	15		2,10,20,50,90,98,100,106,166,200,300,400,422,500,684	9.538,9.538,9.516,9.516,9.472,9.150,9.040,8.739,8.718,8.034,6.683,5.457,5.140,4.664,4.068															0	0,0,0,0,0,0,0,0,0,0,0,0,0,0,0			2021-05-11T19:53:53Z	2021-05-12T13:29:58Z	-139.204752891552	44.7118758536844
gp24-421-20	210333	2021-03-09T01:20:12Z	716		0	15		2,10,20,50,98,100,116,140,170,200,300,386,500,700,716	9.514,9.514,9.492,9.514,9.514,9.514,9.425,8.640,8.790,8.462,6.630,5.232,4.687,3.985,3.946															0	0,0,0,0,0,0,0,0,0,0,0,0,0,0,0			2021-05-11T19:53:53Z	2021-05-12T13:29:58Z	-139.237021462099	44.8383327836636
gp24-421-20	210333	2021-03-09T09:23:12Z	470		0	15		2,10,20,50,100,102,110,118,150,172,200,300,374,400,470	8.746,8.746,8.762,8.730,8.558,8.558,8.510,8.163,8.195,8.179,7.631,6.189,5.297,5.202,4.766															0	0,0,0,0,0,0,0,0,0,0,0,0,0,0,0			2021-05-11T19:53:53Z	2021-05-12T13:29:58Z	-139.536712318643	45.0565238796524
gp24-421-20	210333	2021-03-09T10:54:36Z	530		0	15		2,10,20,50,98,100,110,118,162,200,300,382,400,500,530	8.623,8.623,8.640,8.640,8.623,8.623,8.523,8.182,8.082,7.512,6.239,5.194,5.127,4.590,4.478															0	0,0,0,0,0,0,0,0,0,0,0,0,0,0,0			2021-05-11T19:53:53Z	2021-05-12T13:29:58Z	-139.576951229458	45.0985971766997
gp24-421-20	210333	2021-03-09T14:22:24Z	514		0	15		2,10,20,50,98,100,112,136,200,300,348,400,500,512,514	8.406,8.406,8.406,8.422,8.374,8.358,8.295,7.825,7.375,6.108,5.436,5.109,4.468,4.440,4.440															0	0,0,0,0,0,0,0,0,0,0,0,0,0,0,0			2021-05-11T19:53:53Z	2021-05-12T13:29:58Z	-139.65890260106	45.1938539251535
gp24-421-20	210333	2021-03-10T01:34:36Z	730		0	15		2,10,20,50,98,100,118,128,164,200,300,358,500,700,730	8.454,8.436,8.436,8.436,8.436,8.436,8.380,7.872,7.835,7.203,5.934,5.195,4.470,3.889,3.838															0	0,0,0,0,0,0,0,0,0,0,0,0,0,0,0			2021-05-11T19:53:53Z	2021-05-12T13:29:58Z	-139.816667730904	45.4015085306146
gp24-421-20	210333	2021-03-10T15:19:36Z	560		0	15		2,10,20,50,98,100,116,134,166,200,300,312,400,500,560	8.564,8.581,8.581,8.598,8.598,8.598,8.530,7.960,8.177,7.395,6.060,5.762,5.077,4.512,4.346															0	0,0,0,0,0,0,0,0,0,0,0,0,0,0,0			2021-05-11T19:53:53Z	2021-05-12T13:29:58Z	-140.520601098402	45.544815103162
gp24-421-20	210333	2021-03-10T17:29:24Z	708		0	15		2,10,20,50,100,116,134,164,200,228,300,420,500,700,708	8.554,8.554,8.554,8.554,8.554,8.535,8.092,8.330,7.839,7.069,6.042,4.743,4.505,3.898,3.884															0	0,0,0,0,0,0,0,0,0,0,0,0,0,0,0			2021-05-11T19:53:53Z	2021-05-12T13:29:58Z	-140.603871638249	45.5476408197913
gp24-421-20	210333	2021-03-10T19:39:24Z	696		0	15		2,10,20,50,100,116,138,158,200,240,300,336,400,500,696	8.796,8.757,8.737,8.679,8.640,8.679,8.009,8.278,7.833,6.840,6.126,5.495,5.075,4.459,3.906															0	0,0,0,0,0,0,0,0,0,0,0,0,0,0,0			2021-05-11T19:53:53Z	2021-05-12T13:29:58Z	-140.605847483085	45.6557247767294
gp24-421-20	210333	2021-03-11T02:27:36Z	702		0	15		2,10,20,50,100,124,136,146,200,300,336,392,500,700,702	8.450,8.450,8.450,8.397,8.397,8.662,8.450,7.750,7.031,5.955,5.404,4.951,4.478,3.836,3.836															0	0,0,0,0,0,0,0,0,0,0,0,0,0,0,0			2021-05-11T19:53:53Z	2021-05-12T13:29:58Z	-140.861307370704	45.7154419523442
gp24-421-20	210333	2021-03-11T15:17:24Z	270		0	15		2,10,20,30,50,75,98,100,130,150,176,200,208,256,270	8.363,8.363,8.363,8.372,8.363,8.236,8.162,8.118,7.708,7.572,7.137,6.883,6.740,6.321,6.060															0	0,0,0,0,0,0,0,0,0,0,0,0,0,0,0			2021-05-11T19:53:53Z	2021-05-12T13:29:58Z	-141.346617695245	45.7944778712221
gp24-421-20	210333	2021-03-11T19:19:12Z	716		0	15		2,10,20,50,100,114,200,300,316,364,372,390,500,700,716	8.006,8.006,8.006,7.972,7.939,7.838,6.782,5.348,5.348,4.788,4.868,4.654,4.309,3.813,3.800															0	0,0,0,0,0,0,0,0,0,0,0,0,0,0,0			2021-05-11T19:53:53Z	2021-05-12T13:29:58Z	-141.471730028683	45.8746816761979
gp24-421-20	210333	2021-03-12T02:08:48Z	566		0	15		2,10,20,50,86,98,100,110,144,200,242,300,400,500,566	7.947,7.962,7.947,7.916,7.707,7.738,7.738,7.528,7.483,6.691,6.125,5.558,4.797,4.348,4.158															0	0,0,0,0,0,0,0,0,0,0,0,0,0,0,0			2021-05-11T19:53:53Z	2021-05-12T13:29:58Z	-141.823088693562	45.8728808148187
gp24-421-20	210333	2021-03-12T02:31:48Z	708		0	15		2,10,20,50,98,100,114,146,200,260,300,430,500,700,708	7.946,7.946,7.946,7.913,7.780,7.747,7.491,7.491,6.680,5.819,5.476,4.602,4.358,3.820,3.808															0	0,0,0,0,0,0,0,0,0,0,0,0,0,0,0			2021-05-11T19:53:53Z	2021-05-12T13:29:58Z	-141.787184619509	45.8823514929612
gp24-421-20	210333	2021-03-12T15:21:48Z	540		0	15		2,10,20,50,100,110,120,140,200,282,300,324,400,500,540	7.511,7.511,7.524,7.485,7.395,7.485,7.320,7.307,6.622,5.545,5.189,4.937,4.707,4.377,4.290															0	0,0,0,0,0,0,0,0,0,0,0,0,0,0,0			2021-05-11T19:53:53Z	2021-05-12T13:29:58Z	-142.171931709043	45.9865256830416
gp24-421-20	210333	2021-03-13T02:20:12Z	630		0	15		2,10,20,50,100,120,166,184,200,300,344,400,430,500,630	7.410,7.420,7.420,7.420,7.434,7.590,7.074,6.589,6.367,5.175,4.733,4.468,4.553,4.358,4.054															0	0,0,0,0,0,0,0,0,0,0,0,0,0,0,0			2021-05-11T19:53:53Z	2021-05-12T13:29:58Z	-142.404796677712	46.1955105603539
gp24-421-20	210333	2021-03-13T14:17:48Z	566		0	15		2,10,20,50,100,116,130,166,178,200,300,344,400,500,566	7.774,7.774,7.789,7.800,7.815,7.980,7.759,7.569,7.273,6.966,5.762,5.250,4.808,4.401,4.240															0	0,0,0,0,0,0,0,0,0,0,0,0,0,0,0			2021-05-11T19:53:53Z	2021-05-12T13:29:58Z	-142.867935403734	46.4545244104621
gp24-421-20	210333	2021-03-13T17:21:24Z	630		0	14		2,10,20,50,100,106,112,146,200,300,340,400,500,630	7.618,7.618,7.618,7.634,7.634,7.681,7.946,7.772,6.813,5.652,5.111,4.799,4.338,3.998															0	0,0,0,0,0,0,0,0,0,0,0,0,0,0			2021-05-11T19:53:53Z	2021-05-12T13:29:58Z	-142.946041645903	46.4836350132818
gp24-421-20	210333	2021-03-14T03:05:36Z	318		0	15		2,10,20,30,50,100,126,144,150,200,224,258,286,300,318	7.047,7.055,7.047,7.055,7.055,7.064,7.055,7.132,7.098,6.437,6.128,5.601,5.232,5.107,5.000															0	0,0,0,0,0,0,0,0,0,0,0,0,0,0,0			2021-05-11T19:53:53Z	2021-05-12T13:29:58Z	-143.259353285577	46.600981485369
gp24-421-20	210333	2021-03-14T04:13:00Z	674		0	15		2,10,20,50,100,136,200,232,258,300,316,340,400,500,674	7.073,7.073,7.073,7.087,7.087,7.260,6.298,5.618,5.512,4.883,4.645,4.764,4.445,4.367,3.860															0	0,0,0,0,0,0,0,0,0,0,0,0,0,0,0			2021-05-11T19:53:53Z	2021-05-12T13:29:58Z	-143.255756899124	46.604789913771
gp24-421-20	210333	2021-03-14T08:28:24Z	508		0	14		2,10,20,50,100,108,124,200,238,300,364,400,500,508	6.868,6.855,6.868,6.868,6.878,6.931,7.530,6.372,6.477,5.594,5.167,4.568,4.230,4.220															0	0,0,0,0,0,0,0,0,0,0,0,0,0,0			2021-05-11T19:53:53Z	2021-05-12T13:29:58Z	-143.39124658518	46.5970536352894
gp24-421-20	210333	2021-03-14T20:24:48Z	612		0	15		2,10,20,50,100,114,126,142,200,300,400,430,500,552,612	7.046,7.046,7.046,7.046,7.084,7.122,6.961,7.009,6.602,6.057,5.379,4.919,4.487,4.093,3.970															0	0,0,0,0,0,0,0,0,0,0,0,0,0,0,0			2021-05-11T19:53:53Z	2021-05-12T13:29:58Z	-143.935299283523	46.6251102922642
gp24-421-20	210333	2021-03-15T02:23:36Z	618		0	15		2,10,20,50,100,110,118,170,200,242,260,300,400,500,618	7.138,7.138,7.138,7.153,7.138,7.211,7.786,6.881,6.793,6.459,5.934,5.440,4.596,4.328,3.952															0	0,0,0,0,0,0,0,0,0,0,0,0,0,0,0			2021-05-11T19:53:53Z	2021-05-12T13:29:58Z	-144.047508239491	46.7047071093481
gp24-421-20	210333	2021-03-15T15:11:12Z	294		0	15		2,10,20,30,50,75,100,116,126,150,184,200,230,258,294	6.844,6.844,6.852,6.852,6.866,6.874,6.890,6.922,7.168,7.017,6.409,6.282,5.825,5.603,5.154															0	0,0,0,0,0,0,0,0,0,0,0,0,0,0,0			2021-05-11T19:53:53Z	2021-05-12T13:29:58Z	-144.331061310582	46.911520230257
gp24-421-20	210333	2021-03-15T16:21:24Z	368		0	15		2,10,20,30,50,100,112,120,150,178,200,254,300,336,368	6.929,6.939,6.939,6.939,6.939,6.960,6.990,7.140,7.018,6.632,6.213,5.535,5.098,4.778,4.600															0	0,0,0,0,0,0,0,0,0,0,0,0,0,0,0			2021-05-11T19:53:53Z	2021-05-12T13:29:58Z	-144.410331780034	46.9280973284907
gp24-421-20	210333	2021-03-15T20:20:36Z	616		0	15		2,10,20,50,100,110,118,160,200,300,332,400,468,500,616	7.005,7.005,7.005,7.005,7.018,7.045,7.272,6.927,6.300,5.173,4.881,4.523,4.191,4.123,3.886															0	0,0,0,0,0,0,0,0,0,0,0,0,0,0,0			2021-05-11T19:53:53Z	2021-05-12T13:29:58Z	-144.495880412292	46.962654241789
gp24-421-20	210333	2021-03-16T02:13:24Z	542		0	15		2,10,20,50,98,100,130,148,200,300,338,400,436,500,542	6.912,6.901,6.878,6.844,6.844,6.844,6.631,6.722,6.108,5.174,4.782,4.526,4.259,4.160,4.072															0	0,0,0,0,0,0,0,0,0,0,0,0,0,0,0			2021-05-11T19:53:53Z	2021-05-12T13:29:58Z	-144.718832182313	46.9872799106719
gp24-421-20	210333	2021-03-16T09:36:00Z	692		0	15		2,10,20,50,100,134,174,200,240,300,312,332,400,500,692	7.028,7.028,7.015,6.937,6.707,6.989,6.672,6.189,5.641,5.171,4.954,4.967,4.472,4.245,3.788															0	0,0,0,0,0,0,0,0,0,0,0,0,0,0,0			2021-05-11T19:53:53Z	2021-05-12T13:29:58Z	-144.979597554315	47.0564499716456
gp24-421-20	210333	2021-03-16T16:09:12Z	568		0	15		2,10,20,50,100,126,138,168,200,270,300,358,400,500,568	6.864,6.876,6.876,6.876,6.844,7.006,6.658,6.670,6.207,5.327,5.118,4.472,4.460,4.204,4.056															0	0,0,0,0,0,0,0,0,0,0,0,0,0,0,0			2021-05-11T19:53:53Z	2021-05-12T13:29:58Z	-145.273220148073	47.0679501821619
gp24-421-20	210333	2021-03-17T03:22:24Z	682		0	15		2,10,20,50,100,142,170,200,278,300,346,400,450,500,682	7.043,7.043,7.056,7.030,7.043,7.056,6.782,6.317,5.192,5.086,4.647,4.376,4.195,4.258,3.756															0	0,0,0,0,0,0,0,0,0,0,0,0,0,0,0			2021-05-11T19:53:53Z	2021-05-12T13:29:58Z	-145.410502583658	47.2380402451745
gp24-421-20	210333	2021-03-17T20:17:48Z	616		0	15		2,10,20,50,100,102,130,200,226,300,360,400,500,612,616	6.816,6.816,6.816,6.803,6.816,6.828,6.129,5.673,5.097,4.879,4.159,4.159,4.098,3.764,3.764															0	0,0,0,0,0,0,0,0,0,0,0,0,0,0,0			2021-05-11T19:53:53Z	2021-05-12T13:29:58Z	-145.784642937135	47.394855326983
gp24-421-20	210333	2021-03-18T09:05:36Z	294		0	15		2,10,20,30,50,75,98,100,122,130,150,182,200,282,294	6.811,6.811,6.811,6.820,6.811,6.801,6.735,6.735,6.483,6.614,6.019,5.787,5.303,4.450,4.476															0	0,0,0,0,0,0,0,0,0,0,0,0,0,0,0			2021-05-11T19:53:53Z	2021-05-12T13:29:58Z	-146.000962974181	47.444554998552
gp24-421-20	210333	2021-03-19T08:13:12Z	670		0	15		2,10,20,50,100,104,118,136,184,200,242,300,400,500,670	6.897,6.897,6.897,6.910,6.871,6.871,6.832,6.297,6.082,5.686,4.985,4.592,4.274,4.057,3.664															0	0,0,0,0,0,0,0,0,0,0,0,0,0,0,0			2021-05-11T19:53:53Z	2021-05-12T13:29:58Z	-146.659060487561	47.5704574751362
gp24-421-20	210333	2021-03-19T15:12:12Z	340		0	15		2,10,20,30,50,98,100,112,128,150,200,272,300,332,340	6.818,6.828,6.828,6.838,6.838,6.848,6.848,6.779,6.160,5.985,5.280,4.641,4.498,4.382,4.409															0	0,0,0,0,0,0,0,0,0,0,0,0,0,0,0			2021-05-11T19:53:53Z	2021-05-12T13:29:58Z	-146.745255451879	47.6089065352564
gp24-421-20	210333	2021-03-19T20:06:48Z	508		0	15		2,10,20,50,100,120,152,170,200,238,300,350,400,500,508	6.352,6.325,6.297,6.288,6.252,6.261,5.904,5.575,5.236,4.889,4.525,4.319,4.294,4.105,4.080															0	0,0,0,0,0,0,0,0,0,0,0,0,0,0,0			2021-05-11T19:53:53Z	2021-05-12T13:29:58Z	-146.808764173716	47.6855533480322
gp24-421-20	210333	2021-03-20T02:25:00Z	678		0	14		2,10,20,50,100,112,140,160,200,262,300,400,500,678	6.368,6.357,6.325,6.239,6.072,6.303,5.986,5.556,5.080,4.586,4.417,4.226,4.038,3.680															0	0,0,0,0,0,0,0,0,0,0,0,0,0,0			2021-05-11T19:53:53Z	2021-05-12T13:29:58Z	-146.939903612714	47.7489484525642
gp24-421-20	210333	2021-03-21T01:11:00Z	684		0	15		2,10,20,50,62,100,132,138,162,200,258,300,400,500,684	6.380,6.380,6.369,6.273,6.126,6.065,6.097,6.244,6.054,5.498,4.796,4.608,4.272,4.136,3.708															0	0,0,0,0,0,0,0,0,0,0,0,0,0,0,0			2021-05-11T19:53:53Z	2021-05-12T13:29:58Z	-147.435082829368	47.8431310668215
gp24-421-20	210333	2021-03-21T08:15:48Z	596		0	15		2,10,20,50,100,124,160,178,200,216,242,300,400,500,596	6.514,6.514,6.514,6.524,6.297,6.339,6.051,5.610,5.396,5.059,4.842,4.607,4.319,4.158,3.912															0	0,0,0,0,0,0,0,0,0,0,0,0,0,0,0			2021-05-11T19:53:53Z	2021-05-12T13:29:58Z	-147.572320429785	47.8897870064968
gp24-421-20	210333	2021-03-21T15:20:12Z	294		0	15		2,10,20,30,50,75,100,106,150,162,178,200,224,240,294	6.417,6.417,6.417,6.417,6.425,6.417,6.425,6.472,6.037,5.852,5.486,5.223,5.037,4.828,4.496															0	0,0,0,0,0,0,0,0,0,0,0,0,0,0,0			2021-05-11T19:53:53Z	2021-05-12T13:29:58Z	-147.757991418863	47.8874367727165
gp24-421-20	210333	2021-03-21T16:08:48Z	370		0	15		2,10,20,30,50,76,100,116,150,168,200,268,300,358,370	6.397,6.406,6.406,6.414,6.414,6.397,6.177,6.356,5.990,5.648,5.224,4.556,4.436,4.338,4.344															0	0,0,0,0,0,0,0,0,0,0,0,0,0,0,0			2021-05-11T19:53:53Z	2021-05-12T13:29:58Z	-147.780299389308	47.8870943170884
gp24-421-20	210333	2021-03-21T16:34:00Z	564		0	15		2,10,20,50,92,100,114,136,170,200,234,300,400,500,564	6.402,6.402,6.402,6.412,6.286,6.333,6.343,6.150,5.441,5.172,4.755,4.406,4.300,4.105,3.942															0	0,0,0,0,0,0,0,0,0,0,0,0,0,0,0			2021-05-11T19:53:53Z	2021-05-12T13:29:58Z	-147.791866474514	47.8869167475035
gp24-421-20	210333	2021-03-21T17:46:36Z	678		0	15		2,10,20,50,100,112,120,150,170,200,274,300,400,500,678	6.401,6.401,6.401,6.412,6.303,6.230,6.325,6.113,5.590,5.163,4.501,4.392,4.319,4.096,3.690															0	0,0,0,0,0,0,0,0,0,0,0,0,0,0,0			2021-05-11T19:53:53Z	2021-05-12T13:29:58Z	-147.821911832908	47.9121214221081
gp24-421-20	210333	2021-03-21T20:10:24Z	580		0	15		2,10,20,50,100,124,136,174,200,236,300,352,400,500,580	6.430,6.430,6.420,6.410,6.212,6.350,6.145,5.967,5.457,4.879,4.466,4.261,4.301,4.103,3.928															0	0,0,0,0,0,0,0,0,0,0,0,0,0,0,0			2021-05-11T19:53:53Z	2021-05-12T13:29:58Z	-147.88007679876	47.9258632853664
gp24-421-20	210333	2021-03-22T08:21:12Z	594		0	15		2,10,20,50,100,130,194,200,220,256,300,322,400,500,594	6.408,6.408,6.398,6.357,6.258,6.268,5.287,5.287,5.188,4.668,4.489,4.339,4.240,4.110,3.860															0	0,0,0,0,0,0,0,0,0,0,0,0,0,0,0			2021-05-11T19:53:53Z	2021-05-12T13:29:58Z	-148.215212088705	47.7294597606147
gp24-421-20	210333	2021-03-23T08:09:24Z	586		0	15		2,10,20,50,100,116,126,136,200,226,300,338,400,500,586	6.474,6.463,6.463,6.484,6.411,6.393,6.536,5.994,5.145,4.820,4.422,4.268,4.237,4.125,3.932															0	0,0,0,0,0,0,0,0,0,0,0,0,0,0,0			2021-05-11T19:53:53Z	2021-05-12T13:29:58Z	-148.521496264204	47.6043665243662
gp24-421-20	210333	2021-03-23T14:17:36Z	598		0	15		2,10,20,50,100,108,112,130,168,200,220,300,400,500,598	6.155,6.155,6.155,6.155,6.155,6.185,6.352,5.940,5.606,4.963,4.689,4.327,4.190,4.092,3.858															0	0,0,0,0,0,0,0,0,0,0,0,0,0,0,0			2021-05-11T19:53:53Z	2021-05-12T13:29:58Z	-148.654269963135	47.5886136416051
gp24-421-20	210333	2021-03-24T21:32:00Z	330		0	15		2,10,20,30,50,100,136,142,150,200,210,268,300,328,330	6.174,6.144,6.121,6.113,6.083,5.830,6.121,5.830,5.689,5.212,5.002,4.487,4.361,4.272,4.272															0	0,0,0,0,0,0,0,0,0,0,0,0,0,0,0			2021-05-11T19:53:53Z	2021-05-12T13:29:58Z	-149.314549325596	47.4589510980125
gp24-421-20	210333	2021-03-25T08:13:24Z	654		0	15		2,10,20,50,100,114,132,138,156,200,260,300,400,500,654	6.344,6.313,6.210,6.168,5.982,5.993,5.932,5.820,5.922,5.253,4.595,4.409,4.102,4.039,3.722															0	0,0,0,0,0,0,0,0,0,0,0,0,0,0,0			2021-05-11T19:53:53Z	2021-05-12T13:29:58Z	-149.42270350559	47.2778091244767
gp24-421-20	210333	2021-03-25T20:19:36Z	620		0	15		2,10,20,50,100,116,130,160,200,206,254,300,400,500,620	6.304,6.274,6.264,6.157,6.067,6.264,6.294,6.087,5.374,5.237,4.799,4.475,4.163,4.084,3.812															0	0,0,0,0,0,0,0,0,0,0,0,0,0,0,0			2021-05-11T19:53:53Z	2021-05-12T13:29:58Z	-149.81491591897	47.2621826106349
gp24-421-20	210333	2021-03-26T08:19:00Z	580		0	15		2,10,20,50,100,118,132,160,200,214,282,300,400,500,580	6.438,6.418,6.258,6.159,6.051,6.377,6.278,5.782,5.235,4.997,4.511,4.461,4.202,4.053,3.906															0	0,0,0,0,0,0,0,0,0,0,0,0,0,0,0			2021-05-11T19:53:53Z	2021-05-12T13:29:58Z	-150.076217390946	47.0945020354019
gp24-421-20	210333	2021-03-26T14:09:36Z	596		0	15		2,10,20,50,100,118,130,156,186,200,248,300,400,500,596	6.584,6.551,6.463,6.225,6.118,6.151,6.485,6.181,5.566,5.426,4.841,4.496,4.204,4.085,3.826															0	0,0,0,0,0,0,0,0,0,0,0,0,0,0,0			2021-05-11T19:53:53Z	2021-05-12T13:29:58Z	-150.070410164158	47.0065141240609
gp24-421-20	210333	2021-03-27T02:06:00Z	726		0	15		2,10,20,36,50,100,114,118,138,200,220,300,500,700,726	6.676,6.637,6.534,6.092,6.053,5.953,6.066,6.282,6.434,5.269,4.901,4.307,3.990,3.496,3.448															0	0,0,0,0,0,0,0,0,0,0,0,0,0,0,0			2021-05-11T19:53:53Z	2021-05-12T13:29:58Z	-150.168320397199	46.7638684756874
gp24-421-20	210333	2021-03-27T16:36:48Z	666		0	15		2,10,20,50,100,122,142,168,200,224,254,300,400,500,666	6.786,6.786,6.798,6.686,6.311,6.565,6.224,6.053,5.469,5.007,4.666,4.448,4.240,4.082,3.694															0	0,0,0,0,0,0,0,0,0,0,0,0,0,0,0			2021-05-11T19:53:53Z	2021-05-12T13:29:58Z	-150.06540068786	46.583299185721
gp24-421-20	210333	2021-03-28T08:17:36Z	598		0	15		2,10,20,50,100,120,136,146,164,200,226,300,400,500,598	6.892,6.880,6.880,6.448,6.341,6.390,6.676,6.603,6.019,5.365,4.933,4.541,4.230,4.099,3.850															0	0,0,0,0,0,0,0,0,0,0,0,0,0,0,0			2021-05-11T19:53:53Z	2021-05-12T13:29:58Z	-150.339236784003	46.5411036395959
gp24-421-20	210333	2021-03-28T14:20:36Z	582		0	15		2,10,20,50,66,100,120,132,158,200,250,300,400,500,582	6.824,6.824,6.836,6.694,6.426,6.287,6.450,6.219,6.008,5.287,4.773,4.494,4.215,4.076,3.868															0	0,0,0,0,0,0,0,0,0,0,0,0,0,0,0			2021-05-11T19:53:53Z	2021-05-12T13:29:58Z	-150.318263522465	46.5061295628602
gp24-421-20	210333	2021-03-29T08:25:24Z	598		0	15		2,10,20,50,100,104,116,128,158,200,250,300,400,500,598	6.950,6.962,6.950,6.720,6.576,6.600,6.551,6.263,6.251,5.349,4.819,4.641,4.230,4.086,3.896															0	0,0,0,0,0,0,0,0,0,0,0,0,0,0,0			2021-05-11T19:53:53Z	2021-05-12T13:29:58Z	-149.99841129326	46.2480573053886
gp24-421-20	210333	2021-03-29T14:22:48Z	630		0	15		2,10,20,36,50,100,120,150,200,224,250,300,400,500,630	6.969,6.982,6.982,6.944,6.696,6.586,6.746,6.413,5.513,5.365,4.884,4.500,4.217,4.081,3.836															0	0,0,0,0,0,0,0,0,0,0,0,0,0,0,0			2021-05-11T19:53:53Z	2021-05-12T13:29:58Z	-149.955918294598	46.1417925238186
gp24-421-20	210333	2021-03-30T01:20:36Z	710		0	14		2,10,20,50,100,126,168,200,300,336,392,500,700,710	7.128,7.101,7.087,6.858,6.724,6.991,6.669,6.160,4.979,4.589,4.349,4.202,3.716,3.706															0	0,0,0,0,0,0,0,0,0,0,0,0,0,0			2021-05-11T19:53:53Z	2021-05-12T13:29:58Z	-149.83147464219	45.9543076153804
gp24-421-20	210333	2021-03-30T19:21:24Z	680		0	15		2,10,20,42,50,56,100,118,126,200,276,300,400,500,680	7.218,7.218,7.232,7.177,6.843,6.587,6.454,6.481,7.205,6.239,4.982,4.928,4.525,4.299,3.818															0	0,0,0,0,0,0,0,0,0,0,0,0,0,0,0			2021-05-11T19:53:53Z	2021-05-12T13:29:58Z	-149.465727230248	45.7952665184507
gp24-421-20	210333	2021-03-31T11:39:12Z	804		0	15		2,10,20,50,72,100,120,132,200,240,300,368,500,700,804	7.534,7.534,7.550,7.437,7.181,7.056,7.072,7.388,6.371,5.625,5.119,4.657,4.292,3.733,3.498															0	0,0,0,0,0,0,0,0,0,0,0,0,0,0,0			2021-05-11T19:53:53Z	2021-05-12T13:29:58Z	-149.457147412494	45.6991391826348
gp24-421-20	210333	2021-04-01T02:23:48Z	676		0	15		2,10,20,50,76,100,124,136,140,200,300,374,400,500,676	7.322,7.322,7.322,7.267,6.907,6.819,6.646,7.396,7.484,6.532,5.234,4.543,4.569,4.268,3.808															0	0,0,0,0,0,0,0,0,0,0,0,0,0,0,0			2021-05-11T19:53:53Z	2021-05-12T13:29:58Z	-148.943477413288	45.5291915152721
gp24-421-20	210333	2021-04-02T01:11:48Z	710		0	15		2,10,20,50,100,128,142,148,188,200,300,414,500,700,710	7.788,7.788,7.788,7.743,7.287,7.271,7.954,7.743,7.610,7.254,5.598,4.704,4.365,3.826,3.814															0	0,0,0,0,0,0,0,0,0,0,0,0,0,0,0			2021-05-11T19:53:53Z	2021-05-12T13:29:58Z	-148.355828593271	45.4882145863833
gp24-421-20	210333	2021-04-02T07:31:36Z	742		0	15		2,10,20,50,100,124,140,170,200,234,300,430,500,700,742	7.912,7.912,7.929,7.894,7.357,7.387,8.032,7.843,7.219,6.445,5.636,4.590,4.384,3.812,3.730															0	0,0,0,0,0,0,0,0,0,0,0,0,0,0,0			2021-05-11T19:53:53Z	2021-05-12T13:29:58Z	-148.284527603191	45.2755139643589
gp24-421-20	210333	2021-04-02T13:20:48Z	734		0	15		2,10,20,50,100,146,176,200,228,256,300,400,500,700,734	7.667,7.667,7.667,7.667,7.553,7.870,7.603,7.155,6.820,6.207,5.712,4.713,4.269,3.735,3.638															0	0,0,0,0,0,0,0,0,0,0,0,0,0,0,0			2021-05-11T19:53:53Z	2021-05-12T13:29:58Z	-148.211936923773	45.283713662375
gp24-421-20	210333	2021-04-02T19:24:24Z	712		0	15		2,10,20,50,72,100,124,134,200,236,300,374,500,700,712	8.044,8.044,8.044,8.044,8.009,7.286,7.250,8.168,7.405,6.540,5.812,5.000,4.360,3.769,3.756															0	0,0,0,0,0,0,0,0,0,0,0,0,0,0,0			2021-05-11T19:53:53Z	2021-05-12T13:29:58Z	-148.020184526909	45.3234744393486
gp24-421-20	210333	2021-04-03T01:28:00Z	800		0	15		2,10,20,50,100,116,128,160,200,234,300,390,500,700,800	7.986,7.986,8.005,8.262,7.673,7.509,8.131,7.930,7.215,6.519,5.785,4.869,4.429,3.859,3.588															0	0,0,0,0,0,0,0,0,0,0,0,0,0,0,0			2021-05-11T19:53:53Z	2021-05-12T13:29:58Z	-147.654721009405	45.3191875895194
gp24-421-20	210333	2021-04-03T07:13:24Z	728		0	15		2,10,20,50,82,100,126,138,200,252,300,376,500,700,728	7.634,7.634,7.652,7.652,7.281,7.384,7.535,8.044,7.246,6.332,5.828,4.896,4.439,3.814,3.732															0	0,0,0,0,0,0,0,0,0,0,0,0,0,0,0			2021-05-11T19:53:53Z	2021-05-12T13:29:58Z	-147.667578276736	45.3658634096526
gp24-421-20	210333	2021-04-04T19:29:00Z	736		0	15		2,10,20,50,100,118,136,164,200,234,300,384,500,700,736	7.849,7.849,7.849,7.849,7.625,7.643,8.142,7.984,7.297,6.562,5.633,4.793,4.364,3.847,3.764															0	0,0,0,0,0,0,0,0,0,0,0,0,0,0,0			2021-05-11T19:53:53Z	2021-05-12T13:29:58Z	-147.002610725664	45.3334570737463
gp24-421-20	210333	2021-04-05T01:14:12Z	694		0	15		2,10,20,50,100,118,140,164,200,248,300,400,452,500,694	8.024,7.958,7.942,7.925,7.731,7.764,8.074,7.975,7.520,6.613,5.897,4.842,4.553,4.437,3.936															0	0,0,0,0,0,0,0,0,0,0,0,0,0,0,0			2021-05-11T19:53:53Z	2021-05-12T13:29:58Z	-146.98728713965	45.2411616441232
gp24-421-20	210333	2021-04-05T07:33:48Z	712		0	15		2,10,20,50,100,118,138,178,200,224,300,376,500,700,712	8.017,7.987,7.987,7.970,7.779,7.766,8.208,7.901,7.494,6.900,5.814,5.047,4.454,3.908,3.878															0	0,0,0,0,0,0,0,0,0,0,0,0,0,0,0			2021-05-11T19:53:53Z	2021-05-12T13:29:58Z	-147.018162767494	45.1977600074331
gp24-421-20	210333	2021-04-05T13:30:12Z	696		0	15		2,10,20,50,72,100,126,170,200,224,300,374,400,500,696	7.984,7.984,7.936,7.936,7.765,7.782,8.172,7.851,7.363,6.879,5.851,5.230,4.931,4.460,3.890															0	0,0,0,0,0,0,0,0,0,0,0,0,0,0,0			2021-05-11T19:53:53Z	2021-05-12T13:29:58Z	-147.116396657009	45.2301382615074
gp24-421-20	210333	2021-04-06T01:31:24Z	696		0	15		2,10,20,50,100,120,130,152,176,200,272,300,400,500,696	8.143,8.007,7.909,7.875,7.641,7.658,8.126,8.160,7.956,7.390,6.172,5.836,4.802,4.419,3.904															0	0,0,0,0,0,0,0,0,0,0,0,0,0,0,0			2021-05-11T19:53:53Z	2021-05-12T13:29:58Z	-147.107364806669	45.2126921089142
gp24-421-20	210333	2021-04-06T13:14:36Z	692		0	15		2,10,20,50,70,100,112,130,172,200,242,300,400,500,692	7.895,7.895,7.844,7.760,7.500,7.500,7.563,8.142,7.941,7.349,6.578,5.902,4.900,4.439,3.948															0	0,0,0,0,0,0,0,0,0,0,0,0,0,0,0			2021-05-11T19:53:53Z	2021-05-12T13:29:58Z	-146.88591350266	45.4258582578719
gp24-421-20	210333	2021-04-06T20:39:36Z	600		0	15		2,10,20,50,74,88,100,106,112,200,266,300,400,500,600	8.718,8.681,8.645,8.590,8.571,8.301,8.301,8.319,8.553,7.458,6.253,5.895,4.961,4.402,4.136															0	0,0,0,0,0,0,0,0,0,0,0,0,0,0,0			2021-05-11T19:53:53Z	2021-05-12T13:29:58Z	-146.589076159591	45.2908161985839
gp24-421-20	210333	2021-04-07T13:22:48Z	700		0	15		2,10,20,50,82,100,120,130,134,200,300,400,436,500,700	8.810,8.810,8.791,8.676,8.302,8.322,8.264,8.451,8.714,8.058,6.253,4.544,4.846,4.022,4.022															0	0,0,0,0,0,0,0,0,0,0,0,0,0,0,0			2021-05-11T19:53:53Z	2021-05-12T13:29:58Z	-146.041786683401	45.12004980069
gp24-421-20	210333	2021-04-07T19:27:48Z	736		0	14		2,10,20,50,100,128,144,200,254,300,356,500,700,736	8.744,8.744,8.725,8.570,8.513,8.325,8.551,7.852,6.739,6.189,5.433,4.623,3.996,3.924															0	0,0,0,0,0,0,0,0,0,0,0,0,0,0			2021-05-11T19:53:53Z	2021-05-12T13:29:58Z	-145.927456367113	45.0189104970892
gp24-421-20	210333	2021-04-08T07:35:00Z	710		0	15		2,10,20,50,68,78,100,128,200,300,336,416,500,700,710	8.689,8.708,8.689,8.708,8.689,8.497,8.368,8.593,8.085,6.470,5.943,5.061,4.592,3.930,3.916															0	0,0,0,0,0,0,0,0,0,0,0,0,0,0,0			2021-05-11T19:53:53Z	2021-05-12T13:29:58Z	-145.379671810289	44.9383456337276
gp24-421-20	210333	2021-04-08T14:23:36Z	564		0	15		2,10,20,50,66,100,128,134,140,146,200,300,400,500,564	8.246,8.262,8.262,8.096,7.707,7.479,7.400,7.690,8.341,8.490,8.018,6.211,5.158,4.620,4.346															0	0,0,0,0,0,0,0,0,0,0,0,0,0,0,0			2021-05-11T19:53:53Z	2021-05-12T13:29:58Z	-145.211673584798	44.8700236018373
gp24-421-20	210333	2021-04-08T19:18:48Z	714		0	15		2,10,20,50,100,114,130,138,200,252,300,420,500,700,714	8.344,8.326,8.326,8.218,7.568,7.568,8.308,8.362,7.797,6.550,5.949,4.823,4.473,3.907,3.876															0	0,0,0,0,0,0,0,0,0,0,0,0,0,0,0			2021-05-11T19:53:53Z	2021-05-12T13:29:58Z	-144.971087526881	44.8784649462369
gp24-421-20	210333	2021-04-08T21:51:24Z	902		0	15		2,10,20,50,80,100,126,156,200,270,300,434,500,700,902	8.684,8.663,8.621,8.494,8.393,8.123,8.372,8.287,7.727,6.399,6.214,4.717,4.452,3.912,3.394															0	0,0,0,0,0,0,0,0,0,0,0,0,0,0,0			2021-05-11T19:53:53Z	2021-05-12T13:29:58Z	-144.887412874271	44.8649096723648
gp24-421-20	210333	2021-04-09T08:17:36Z	704		0	15		2,10,20,38,44,50,100,124,130,200,300,374,500,700,704	8.920,8.900,8.880,8.700,8.464,8.665,8.269,8.229,8.389,7.307,5.970,5.069,4.403,3.912,3.912															0	0,0,0,0,0,0,0,0,0,0,0,0,0,0,0			2021-05-11T19:53:53Z	2021-05-12T13:29:58Z	-144.581889946693	44.8070649444474
gp24-421-20	210333	2021-04-09T19:37:24Z	704		0	15		2,10,20,50,78,100,122,130,138,200,300,422,500,700,704	9.346,9.324,9.302,9.128,8.527,8.423,8.849,8.358,8.614,7.501,6.174,4.760,4.459,3.886,3.886															0	0,0,0,0,0,0,0,0,0,0,0,0,0,0,0			2021-05-11T19:53:53Z	2021-05-12T13:29:58Z	-144.079471451998	44.6448225228139
gp24-421-20	210333	2021-04-10T01:23:48Z	730		0	15		2,10,20,50,88,100,108,132,200,300,352,444,500,700,730	9.530,9.484,9.439,9.325,8.744,8.744,8.835,8.813,7.987,6.245,5.464,4.701,4.525,3.899,3.836															0	0,0,0,0,0,0,0,0,0,0,0,0,0,0,0			2021-05-11T19:53:53Z	2021-05-12T13:29:58Z	-143.90487705241	44.5965951715522
gp24-421-20	210333	2021-04-10T08:12:12Z	544		0	15		2,10,20,50,64,86,94,100,108,140,200,300,400,500,544	9.568,9.568,9.548,9.130,8.757,8.615,9.109,9.170,8.872,8.872,8.061,6.660,5.334,4.684,4.528															0	0,0,0,0,0,0,0,0,0,0,0,0,0,0,0			2021-05-11T19:53:53Z	2021-05-12T13:29:58Z	-143.618986126002	44.5664280439311
gp24-421-20	210333	2021-04-10T14:40:24Z	520		0	15		2,10,20,50,100,120,132,176,200,228,272,300,400,500,520	9.622,9.581,9.500,9.262,8.664,8.826,9.282,8.608,8.487,8.208,7.134,6.718,5.365,4.610,4.554															0	0,0,0,0,0,0,0,0,0,0,0,0,0,0,0			2021-05-11T19:53:53Z	2021-05-12T13:29:58Z	-143.363504968763	44.4730370815315
gp24-421-20	210333	2021-04-10T21:30:36Z	634		0	15		2,10,20,50,100,116,144,150,160,200,228,300,400,500,634	9.770,9.704,9.659,9.223,8.576,8.317,9.267,8.985,9.223,8.598,8.206,6.626,5.476,4.697,4.244															0	0,0,0,0,0,0,0,0,0,0,0,0,0,0,0			2021-05-11T19:53:53Z	2021-05-12T13:29:58Z	-143.132438707577	44.4031809917344
gp24-421-20	210333	2021-04-11T09:04:48Z	312		0	15		2,10,20,30,50,76,100,108,126,132,150,200,232,300,312	9.922,9.909,9.834,9.797,9.381,8.731,8.978,9.272,9.159,9.566,9.344,8.681,8.425,6.893,6.796															0	0,0,0,0,0,0,0,0,0,0,0,0,0,0,0			2021-05-11T19:53:53Z	2021-05-12T13:29:58Z	-142.801824442812	44.2584827291052
gp24-421-20	210333	2021-04-11T15:50:00Z	464		0	15		2,10,20,50,100,110,120,126,132,150,200,224,300,400,464	9.770,9.733,9.583,9.419,8.904,8.684,9.218,9.180,9.475,9.363,8.703,8.501,7.195,5.786,5.088															0	0,0,0,0,0,0,0,0,0,0,0,0,0,0,0			2021-05-11T19:53:53Z	2021-05-12T13:29:58Z	-142.612562041854	44.1899156888009
gp24-421-20	210333	2021-04-11T19:35:12Z	840		0	14		2,10,20,50,100,124,134,164,200,300,442,500,700,840	9.608,9.608,9.584,9.561,9.023,8.910,9.395,9.324,8.656,6.982,5.172,4.759,4.037,3.694															0	0,0,0,0,0,0,0,0,0,0,0,0,0,0			2021-05-11T19:53:53Z	2021-05-12T13:29:58Z	-142.360749006594	44.0517659211996
gp24-421-20	210333	2021-04-12T01:31:24Z	768		0	15		2,10,20,50,100,122,126,132,136,200,300,500,700,766,768	9.178,9.309,9.286,9.178,8.143,7.698,8.012,9.355,9.492,8.658,6.778,4.629,3.978,3.778,3.778															0	0,0,0,0,0,0,0,0,0,0,0,0,0,0,0			2021-05-11T19:53:53Z	2021-05-12T13:29:58Z	-142.178488643756	44.0172402457019
gp24-421-20	210333	2021-04-12T08:13:36Z	564		0	14		2,10,20,50,100,140,156,176,200,300,400,452,500,564	9.096,9.059,8.606,8.403,7.936,7.497,8.241,8.551,8.403,6.757,5.523,4.959,4.705,4.474															0	0,0,0,0,0,0,0,0,0,0,0,0,0,0			2021-05-11T19:53:53Z	2021-05-12T13:29:58Z	-142.041426785822	43.9474758442203
gp24-421-20	210333	2021-04-12T15:35:00Z	398		0	15		2,10,20,30,50,86,100,116,150,176,200,220,240,300,398	9.558,9.523,9.208,8.879,8.720,8.285,7.957,7.868,8.755,8.582,8.005,7.606,6.945,6.129,5.122															0	0,0,0,0,0,0,0,0,0,0,0,0,0,0,0			2021-05-11T19:53:53Z	2021-05-12T13:29:58Z	-141.752843645714	43.905133514005
gp24-421-20	210333	2021-04-12T16:37:24Z	594		0	15		2,10,20,36,50,98,100,120,176,200,236,300,400,500,594	9.718,9.696,9.696,9.653,9.354,8.842,8.821,8.157,8.331,7.945,7.070,6.346,5.128,4.470,4.280															0	0,0,0,0,0,0,0,0,0,0,0,0,0,0,0			2021-05-11T19:53:53Z	2021-05-12T13:29:58Z	-141.713595012831	43.8871827454988
gp24-421-20	210333	2021-04-12T19:33:36Z	730		0	15		2,10,20,50,74,100,122,134,160,200,300,412,500,700,730	9.818,9.770,9.722,9.161,9.113,8.575,8.319,9.089,9.250,8.832,6.676,5.081,4.615,3.981,3.844															0	0,0,0,0,0,0,0,0,0,0,0,0,0,0,0			2021-05-11T19:53:53Z	2021-05-12T13:29:58Z	-141.535591290367	43.8593096775618
gp24-421-20	210333	2021-04-13T06:01:36Z	812		0	15		2,10,20,50,72,100,118,126,138,200,300,394,500,700,812	9.568,9.403,9.285,8.968,8.573,8.408,8.432,8.667,9.309,8.756,6.796,5.454,4.718,4.023,3.682															0	0,0,0,0,0,0,0,0,0,0,0,0,0,0,0			2021-05-11T19:53:53Z	2021-05-12T13:29:58Z	-141.029899638563	43.816410394739
gp24-421-20	210333	2021-04-13T15:21:24Z	542		0	15		2,10,20,50,78,100,124,128,134,166,200,300,400,500,542	10.106,10.106,10.084,9.720,9.590,8.932,8.997,9.231,9.036,9.144,8.867,6.949,5.775,4.884,4.672															0	0,0,0,0,0,0,0,0,0,0,0,0,0,0,0			2021-05-11T19:53:53Z	2021-05-12T13:29:58Z	-140.581100559755	43.7482219649282
gp24-421-20	210333	2021-04-13T19:57:48Z	848		0	15		2,10,20,50,70,100,114,156,200,262,300,410,500,700,848	9.968,9.943,9.918,9.817,9.692,9.203,9.253,9.152,8.638,7.333,6.837,5.582,4.968,4.058,3.694															0	0,0,0,0,0,0,0,0,0,0,0,0,0,0,0			2021-05-11T19:53:53Z	2021-05-12T13:29:58Z	-140.418428624281	43.6714051048378
gp24-421-20	210333	2021-04-15T08:08:36Z	494		0	15		2,10,20,50,98,100,150,168,176,200,210,246,300,400,494	10.802,10.778,10.583,10.182,9.562,9.562,9.081,8.984,8.583,7.963,7.987,7.197,6.510,5.409,4.722															0	0,0,0,0,0,0,0,0,0,0,0,0,0,0,0			2021-05-11T19:53:53Z	2021-05-12T13:29:58Z	-139.231449870124	43.1274146658984
gp24-421-20	210333	2021-04-15T14:27:24Z	550		0	15		2,10,20,32,50,98,100,148,170,200,300,400,436,500,550	10.652,10.627,10.504,10.093,9.927,9.490,9.466,8.937,8.937,8.648,7.155,5.686,5.200,4.721,4.506															0	0,0,0,0,0,0,0,0,0,0,0,0,0,0,0			2021-05-11T19:53:53Z	2021-05-12T13:29:58Z	-139.028038083596	43.0799603706625
gp24-421-20	210333	2021-04-16T02:08:48Z	554		0	15		2,10,20,40,50,66,100,114,122,144,200,300,400,500,554	11.754,11.725,11.582,11.388,10.994,10.370,9.811,9.668,9.976,9.166,8.714,6.972,5.703,4.892,4.584															0	0,0,0,0,0,0,0,0,0,0,0,0,0,0,0			2021-05-11T19:53:53Z	2021-05-12T13:29:58Z	-138.526524457754	43.0356547991212
gp24-421-20	210333	2021-04-16T06:12:48Z	810		0	15		2,10,20,50,98,100,150,200,284,300,368,396,500,700,810	11.728,11.728,11.696,11.443,9.987,9.924,9.180,8.776,7.225,7.067,6.141,6.046,5.017,4.123,3.814															0	0,0,0,0,0,0,0,0,0,0,0,0,0,0,0			2021-05-11T19:53:53Z	2021-05-12T13:29:58Z	-138.532654450719	43.0306393816282
gp24-421-20	210333	2021-04-16T15:43:12Z	582		0	15		2,10,20,50,82,98,100,136,156,200,236,300,400,500,582	11.324,11.297,11.242,10.839,10.544,10.004,9.956,9.977,9.259,8.828,8.076,7.433,5.854,4.883,4.486															0	0,0,0,0,0,0,0,0,0,0,0,0,0,0,0			2021-05-11T19:53:53Z	2021-05-12T13:29:58Z	-138.229668177141	42.9626851442479
gp24-421-20	210333	2021-04-16T20:06:48Z	478		0	15		2,10,20,50,74,98,100,122,132,150,172,200,300,400,478	11.612,11.612,11.586,11.377,10.587,10.404,10.378,9.973,10.176,9.406,8.668,8.257,7.232,5.952,5.084															0	0,0,0,0,0,0,0,0,0,0,0,0,0,0,0			2021-05-11T19:53:53Z	2021-05-12T13:29:58Z	-137.930530271512	42.9112843547432
gp24-421-20	210333	2021-04-16T20:36:00Z	698		0	15		2,10,20,38,50,68,98,100,136,180,200,300,400,500,698	11.462,11.462,11.403,10.765,10.736,10.883,10.281,10.223,9.878,8.580,8.382,7.142,5.910,4.847,4.128															0	0,0,0,0,0,0,0,0,0,0,0,0,0,0,0			2021-05-11T19:53:53Z	2021-05-12T13:29:58Z	-137.897393073058	42.9055904861657
gp24-421-20	210333	2021-04-17T08:20:24Z	506		0	15		2,10,20,50,98,100,136,146,168,200,238,300,400,500,506	10.724,10.724,10.748,10.509,9.997,9.997,9.436,9.507,8.315,8.428,7.563,6.746,5.482,4.802,4.784															0	0,0,0,0,0,0,0,0,0,0,0,0,0,0,0			2021-05-11T19:53:53Z	2021-05-12T13:29:58Z	-137.447224102228	42.7568754601055
gp24-421-20	210333	2021-04-18T08:26:24Z	552		0	15		2,10,20,50,70,98,100,120,148,176,200,300,400,500,552	11.154,11.154,11.127,10.938,11.127,10.858,10.831,10.440,9.038,8.823,8.061,6.471,5.467,4.625,4.416															0	0,0,0,0,0,0,0,0,0,0,0,0,0,0,0			2021-05-11T19:53:53Z	2021-05-12T13:29:58Z	-136.562436872787	42.5385815515836
gp24-421-20	210333	2021-04-18T15:30:48Z	848		0	15		2,10,20,50,100,120,128,138,154,200,300,358,500,700,848	11.388,11.388,11.358,10.586,10.284,9.876,10.110,9.339,8.893,8.567,6.934,5.837,4.741,4.121,3.826															0	0,0,0,0,0,0,0,0,0,0,0,0,0,0,0			2021-05-11T19:53:53Z	2021-05-12T13:29:58Z	-136.142584695465	42.4167385469968
gp24-421-20	210333	2021-04-19T02:13:12Z	608		0	15		2,10,20,44,50,98,100,128,142,200,248,300,400,500,608	11.366,11.168,11.111,11.027,10.694,10.143,10.143,9.089,9.393,8.367,7.314,6.621,5.510,4.761,4.294															0	0,0,0,0,0,0,0,0,0,0,0,0,0,0,0			2021-05-11T19:53:53Z	2021-05-12T13:29:58Z	-135.823605015526	42.197259617444
gp24-421-20	210333	2021-04-19T20:08:24Z	550		0	15		2,10,20,50,98,100,118,144,156,200,300,400,500,548,550	11.942,11.795,11.706,11.330,10.549,10.549,10.350,9.016,9.046,8.412,6.709,5.523,4.771,4.572,4.572															0	0,0,0,0,0,0,0,0,0,0,0,0,0,0,0			2021-05-11T19:53:53Z	2021-05-12T13:29:58Z	-134.978189559123	42.032490767255
gp24-421-20	210333	2021-04-19T20:41:24Z	718		0	15		2,10,20,50,98,100,114,138,156,200,300,410,500,700,718	11.928,11.771,11.646,11.309,10.636,10.636,10.299,8.975,9.007,8.396,6.853,5.443,4.770,4.151,4.096															0	0,0,0,0,0,0,0,0,0,0,0,0,0,0,0			2021-05-11T19:53:53Z	2021-05-12T13:29:58Z	-134.95169078505	42.0232803082981
gp24-421-20	210333	2021-04-20T09:04:24Z	834		0	15		2,10,20,50,98,100,120,134,162,200,300,426,500,700,834	12.004,11.741,11.585,11.322,10.805,10.747,10.164,9.293,8.554,8.201,6.977,5.334,4.718,4.077,3.790															0	0,0,0,0,0,0,0,0,0,0,0,0,0,0,0			2021-05-11T19:53:53Z	2021-05-12T13:29:58Z	-134.423028854554	41.7958738995884
gp24-421-20	210333	2021-04-20T12:23:24Z	934		0	15		2,10,20,50,76,98,100,108,116,140,200,300,500,700,934	11.884,11.586,11.487,11.198,11.041,10.553,10.520,10.355,9.644,9.322,7.892,6.726,4.784,4.064,3.618															0	0,0,0,0,0,0,0,0,0,0,0,0,0,0,0			2021-05-11T19:53:53Z	2021-05-12T13:29:58Z	-134.331500487831	41.7796091301284
gp24-421-20	210333	2021-04-21T08:33:24Z	534		0	15		2,10,20,32,50,98,100,118,160,200,300,400,420,500,534	12.324,12.324,12.293,11.954,11.776,11.166,11.081,10.078,8.596,8.141,6.991,5.725,5.416,4.845,4.606															0	0,0,0,0,0,0,0,0,0,0,0,0,0,0,0			2021-05-11T19:53:53Z	2021-05-12T13:29:58Z	-133.654799116528	41.6608673225293
gp24-421-20	210333	2021-04-21T15:23:24Z	564		0	15		2,10,20,50,98,100,118,146,174,200,300,400,500,562,564	12.384,12.384,12.352,11.951,11.328,11.297,10.926,9.074,8.397,8.145,6.789,5.765,4.780,4.504,4.504															0	0,0,0,0,0,0,0,0,0,0,0,0,0,0,0			2021-05-11T19:53:53Z	2021-05-12T13:29:58Z	-133.459787936258	41.6126230526733
gp24-421-20	210333	2021-04-21T16:32:36Z	686		0	15		2,10,20,50,98,100,112,134,142,154,200,300,400,500,686	12.424,12.424,12.391,11.835,11.379,11.346,11.055,9.397,8.974,8.617,8.028,6.892,5.590,4.744,4.130															0	0,0,0,0,0,0,0,0,0,0,0,0,0,0,0			2021-05-11T19:53:53Z	2021-05-12T13:29:58Z	-133.44048374605	41.6110791092763
gp24-421-20	210333	2021-04-22T01:21:00Z	722		0	15		2,10,20,26,50,98,100,150,200,300,404,434,500,700,722	12.816,12.746,12.467,12.162,11.857,11.038,11.038,9.225,8.301,7.107,6.183,5.495,4.850,4.161,4.100															0	0,0,0,0,0,0,0,0,0,0,0,0,0,0,0			2021-05-11T19:53:53Z	2021-05-12T13:29:58Z	-133.047594092862	41.4353292096389
gp24-421-20	210333	2021-04-22T01:59:00Z	952		0	15		2,10,20,28,50,98,100,146,200,300,468,500,538,700,952	12.786,12.749,12.528,12.021,11.874,10.971,10.943,9.202,8.262,7.221,5.083,4.973,4.539,4.143,3.572															0	0,0,0,0,0,0,0,0,0,0,0,0,0,0,0			2021-05-11T19:53:53Z	2021-05-12T13:29:58Z	-133.014533523859	41.4506288329878
gp24-421-20	210333	2021-04-22T14:51:12Z	570		0	15		2,10,20,30,50,100,102,124,156,180,200,300,400,500,570	12.490,12.459,12.428,11.999,11.875,11.571,11.571,11.268,9.376,8.729,8.550,7.266,6.074,5.008,4.704															0	0,0,0,0,0,0,0,0,0,0,0,0,0,0,0			2021-05-11T19:53:53Z	2021-05-12T13:29:58Z	-132.473945927006	41.2636169537712
gp24-421-20	210333	2021-04-23T02:27:36Z	636		0	15		2,10,20,50,98,100,118,136,162,200,300,400,500,634,636	12.572,12.350,12.319,11.883,11.480,11.448,10.989,9.928,9.026,8.377,7.260,5.986,5.337,4.656,4.656															0	0,0,0,0,0,0,0,0,0,0,0,0,0,0,0			2021-05-11T19:53:53Z	2021-05-12T13:29:58Z	-132.116784453236	40.9773218594432
gp24-421-20	210333	2021-04-23T08:17:48Z	536		0	15		2,10,20,50,86,98,100,124,142,166,200,300,400,500,536	12.748,12.505,12.444,11.911,11.790,11.463,11.432,10.923,9.820,9.044,8.390,7.226,6.032,5.347,5.142															0	0,0,0,0,0,0,0,0,0,0,0,0,0,0,0			2021-05-11T19:53:53Z	2021-05-12T13:29:58Z	-131.916198609729	40.929740977425
gp24-421-20	210333	2021-04-23T14:37:12Z	602		0	15		2,10,20,50,78,98,100,122,156,168,200,300,400,500,602	12.322,12.234,12.175,11.860,11.713,11.338,11.309,10.993,9.782,9.151,8.432,7.221,6.186,5.437,4.982															0	0,0,0,0,0,0,0,0,0,0,0,0,0,0,0			2021-05-11T19:53:53Z	2021-05-12T13:29:58Z	-131.792697424225	40.8643826589865
gp24-421-20	210333	2021-04-24T02:14:00Z	536		0	15		2,10,20,50,98,100,150,200,242,300,340,362,400,500,536	12.166,12.139,12.112,11.549,11.048,11.021,9.028,8.574,7.882,7.327,6.927,7.008,6.472,5.544,5.388															0	0,0,0,0,0,0,0,0,0,0,0,0,0,0,0			2021-05-11T19:53:53Z	2021-05-12T13:29:58Z	-131.274073023048	40.6121597175919
gp24-421-20	210333	2021-04-24T04:17:36Z	1038		0	15		2,20,50,98,100,128,144,156,200,300,374,500,700,1000,1038	12.072,12.038,11.407,10.809,10.750,9.622,9.361,8.671,8.174,7.476,6.491,5.531,4.639,3.713,3.654															0	0,0,0,0,0,0,0,0,0,0,0,0,0,0,0			2021-05-11T19:53:53Z	2021-05-12T13:29:58Z	-131.203397226357	40.547140192997
gp24-421-20	210333	2021-04-24T14:49:24Z	598		0	15		2,10,20,50,72,98,100,118,128,134,200,300,400,500,598	11.862,11.862,11.862,11.781,11.068,10.852,10.805,10.246,9.459,9.243,8.691,7.897,7.109,5.918,5.130															0	0,0,0,0,0,0,0,0,0,0,0,0,0,0,0			2021-05-11T19:53:53Z	2021-05-12T13:29:58Z	-130.91974573892	40.3908522713915
gp24-421-20	210333	2021-04-25T09:22:24Z	490		0	15		2,10,20,42,50,84,98,100,150,200,236,300,376,400,490	11.185,11.208,11.208,10.999,10.524,10.384,9.636,9.543,8.523,8.088,7.769,6.678,5.907,5.837,5.408															0	0,0,0,0,0,0,0,0,0,0,0,0,0,0,0			2021-05-11T19:53:53Z	2021-05-12T13:29:58Z	-130.404607177001	39.7388434061006
gp24-421-20	210333	2021-04-25T10:15:00Z	528		0	14		2,10,20,34,50,82,98,100,148,200,300,400,500,528	11.166,11.166,11.166,11.094,10.406,10.358,9.670,9.628,8.464,8.017,6.527,5.888,5.273,5.134															0	0,0,0,0,0,0,0,0,0,0,0,0,0,0			2021-05-11T19:53:53Z	2021-05-12T13:29:58Z	-130.388451666371	39.732364515988
gp24-421-20	210333	2021-04-25T20:28:48Z	668		0	15		2,10,20,42,50,66,80,98,100,130,200,300,400,500,668	12.014,11.923,11.893,11.802,11.326,10.971,9.935,9.315,9.255,8.574,7.886,6.707,5.694,5.165,4.454															0	0,0,0,0,0,0,0,0,0,0,0,0,0,0,0			2021-05-11T19:53:53Z	2021-05-12T13:29:58Z	-129.996589343508	39.4919844912356
gp24-421-20	210333	2021-04-27T02:32:12Z	600		0	15		2,10,20,30,50,68,98,100,138,200,300,400,500,598,600	12.226,12.016,11.926,10.958,10.778,10.778,9.601,9.458,8.603,7.928,6.691,5.723,5.251,4.726,4.726															0	0,0,0,0,0,0,0,0,0,0,0,0,0,0,0			2021-05-11T19:53:53Z	2021-05-12T13:29:58Z	-129.160376596105	38.8174283151669
gp24-421-20	210333	2021-04-27T06:24:36Z	942		0	15		2,10,20,50,98,100,136,200,254,300,400,500,700,920,942	12.128,11.923,11.752,11.316,10.444,10.418,8.836,7.862,6.964,6.494,5.587,5.083,4.177,3.578,3.578															0	0,0,0,0,0,0,0,0,0,0,0,0,0,0,0			2021-05-11T19:53:53Z	2021-05-12T13:29:58Z	-129.110898543346	38.7700373678983
gp24-421-20	210333	2021-04-27T14:36:48Z	558		0	15		2,10,20,50,100,106,110,120,158,200,300,322,400,500,558	12.146,11.944,11.750,11.577,10.194,10.359,9.826,9.178,8.530,8.162,6.945,6.577,6.037,5.281,4.942															0	0,0,0,0,0,0,0,0,0,0,0,0,0,0,0			2021-05-11T19:53:53Z	2021-05-12T13:29:58Z	-128.969487037701	38.70089277881
gp24-421-20	210333	2021-04-28T20:21:48Z	592		0	15		2,10,20,50,98,100,112,154,200,300,400,420,500,562,592	12.462,12.024,11.846,11.616,10.131,10.042,9.492,9.374,8.587,7.102,5.907,6.166,5.498,5.038,5.060															0	0,0,0,0,0,0,0,0,0,0,0,0,0,0,0			2021-05-11T19:53:53Z	2021-05-12T13:29:58Z	-127.792364864527	37.9396490683189
gp24-421-20	210333	2021-04-29T08:22:36Z	512		0	15		2,6,10,20,44,50,84,100,152,200,246,300,400,500,512	12.616,12.040,11.948,11.802,10.926,10.320,9.298,9.483,8.484,8.185,7.248,6.741,5.773,4.959,4.936															0	0,0,0,0,0,0,0,0,0,0,0,0,0,0,0			2021-05-11T19:53:53Z	2021-05-12T13:29:58Z	-127.144533900883	37.7091604097202
gp24-421-20	210333	2021-04-29T16:21:36Z	1228		0	14		2,20,50,98,100,120,132,200,300,378,500,700,1000,1228	12.676,11.773,10.622,9.729,9.652,9.168,8.416,8.084,6.705,5.773,5.174,4.395,3.681,3.168															0	0,0,0,0,0,0,0,0,0,0,0,0,0,0			2021-05-11T19:53:53Z	2021-05-12T13:29:58Z	-127.013818744285	37.5709229237026
gp24-421-20	210333	2021-04-30T02:34:48Z	560		0	15		2,10,20,50,72,82,98,100,142,200,300,400,500,514,560	13.414,12.396,12.229,11.803,11.019,11.152,10.134,9.875,8.765,8.239,6.862,6.011,5.126,5.068,5.093															0	0,0,0,0,0,0,0,0,0,0,0,0,0,0,0			2021-05-11T19:53:53Z	2021-05-12T13:29:58Z	-126.660650839921	37.4429054527152
gp24-421-20	210333	2021-04-30T08:24:00Z	544		0	15		2,10,20,50,66,82,88,92,100,112,200,300,400,500,544	13.560,13.493,13.157,12.334,11.578,10.327,10.066,9.605,9.369,9.437,8.152,6.842,5.817,5.254,5.162															0	0,0,0,0,0,0,0,0,0,0,0,0,0,0,0			2021-05-11T19:53:53Z	2021-05-12T13:29:58Z	-126.267866230387	37.3429543911373
gp24-421-20	210333	2021-04-30T14:20:24Z	600		0	15		2,10,20,50,62,74,88,98,100,130,200,300,400,500,600	13.366,13.298,12.994,12.367,11.301,10.742,10.277,10.310,10.243,9.210,8.381,7.187,5.994,5.266,4.902															0	0,0,0,0,0,0,0,0,0,0,0,0,0,0,0			2021-05-11T19:53:53Z	2021-05-12T13:29:58Z	-125.837102356606	37.23755048746
gp24-421-20	210333	2021-05-01T01:46:48Z	898		0	15		2,10,20,50,60,98,100,108,150,200,300,380,500,700,898	13.120,13.047,12.974,12.003,11.033,10.136,10.063,9.706,8.955,8.451,7.088,6.081,5.650,4.607,3.966															0	0,0,0,0,0,0,0,0,0,0,0,0,0,0,0			2021-05-11T19:53:53Z	2021-05-12T13:29:58Z	-125.824554980545	37.1068452973827
gp24-421-20	210333	2021-05-01T08:11:12Z	502		0	15		2,10,20,36,50,58,84,98,100,128,200,300,400,500,502	12.144,12.089,11.549,11.364,10.584,10.960,10.933,10.023,9.941,9.188,8.251,7.013,5.993,5.323,5.302															0	0,0,0,0,0,0,0,0,0,0,0,0,0,0,0			2021-05-11T19:53:53Z	2021-05-12T13:29:58Z	-125.65108296743	37.0699758887243
gp24-421-20	210333	2021-05-01T14:26:48Z	522		0	15		2,10,20,42,50,60,72,98,100,128,200,300,400,500,522	11.948,11.948,11.895,11.397,10.879,10.301,10.879,10.281,10.202,9.292,8.402,7.154,6.005,5.434,5.308															0	0,0,0,0,0,0,0,0,0,0,0,0,0,0,0			2021-05-11T19:53:53Z	2021-05-12T13:29:58Z	-125.294141038343	37.0084450557552
gp24-421-20	210333	2021-05-01T17:20:24Z	868		0	15		2,10,20,30,50,78,98,100,142,200,300,426,500,700,868	12.500,12.466,12.365,12.197,11.144,10.614,9.923,9.890,8.997,8.399,6.918,5.495,5.200,4.476,4.080															0	0,0,0,0,0,0,0,0,0,0,0,0,0,0,0			2021-05-11T19:53:53Z	2021-05-12T13:29:58Z	-125.137448226831	36.9239269650945
gp24-421-20	210333	2021-05-01T20:42:36Z	950		0	15		2,10,20,50,58,66,98,100,152,200,300,330,500,700,950	12.792,12.792,12.756,12.186,11.897,10.912,9.953,9.881,8.887,8.353,6.871,6.374,5.162,4.493,3.752															0	0,0,0,0,0,0,0,0,0,0,0,0,0,0,0			2021-05-11T19:53:53Z	2021-05-12T13:29:58Z	-124.94175894596	36.8627678497517
gp24-421-20	210333	2021-05-02T02:08:24Z	474		0	15		2,10,20,36,50,60,72,98,100,150,200,300,400,472,474	12.554,12.554,12.525,12.382,11.400,10.468,10.805,10.217,10.189,8.927,8.447,6.870,5.773,5.386,5.386															0	0,0,0,0,0,0,0,0,0,0,0,0,0,0,0			2021-05-11T19:53:53Z	2021-05-12T13:29:58Z	-124.861220953274	36.8133410661004
gp24-421-20	210333	2021-05-03T08:15:24Z	482		0	15		2,10,20,32,42,50,98,100,150,200,246,300,324,400,482	11.960,11.960,11.935,11.738,10.076,9.664,8.697,8.697,8.383,7.805,6.961,6.887,6.912,6.235,5.804															0	0,0,0,0,0,0,0,0,0,0,0,0,0,0,0			2021-05-11T19:53:53Z	2021-05-12T13:29:58Z	-123.599389680396	36.5187717536716
gp24-421-20	210333	2021-05-04T02:09:24Z	512		0	15		2,10,20,26,32,50,56,98,100,200,300,324,400,500,512	11.800,11.776,11.678,11.416,10.361,10.507,9.812,9.001,9.001,8.044,7.037,6.464,6.226,5.720,5.702															0	0,0,0,0,0,0,0,0,0,0,0,0,0,0,0			2021-05-11T19:53:53Z	2021-05-12T13:29:58Z	-122.851876805389	36.632388865729
gp24-421-20	210333	2021-05-04T14:26:36Z	568		0	15		2,10,20,40,50,56,98,100,156,200,300,326,400,500,568	11.024,11.003,10.982,10.794,10.428,10.057,9.279,9.237,8.829,8.092,7.293,6.922,6.472,6.227,5.798															0	0,0,0,0,0,0,0,0,0,0,0,0,0,0,0			2021-05-11T19:53:53Z	2021-05-12T13:29:58Z	-122.079254421814	36.4927711778956
gp24-421-20	210333	2021-05-04T20:18:00Z	496		0	15		2,10,20,28,36,50,58,98,100,150,200,300,348,400,496	10.558,10.195,10.007,9.854,9.491,9.286,9.133,8.892,8.875,8.599,8.223,7.196,7.043,6.663,6.186															0	0,0,0,0,0,0,0,0,0,0,0,0,0,0,0			2021-05-11T19:53:53Z	2021-05-12T13:29:58Z	-121.979924865139	36.5747238018563
gp24-421-20	210333	2021-05-05T11:06:36Z	18		0	9		2,4,6,8,10,12,14,16,18	10.502,10.446,10.253,9.861,9.668,9.549,9.498,9.409,9.296															0	0,0,0,0,0,0,0,0,0			2021-05-11T19:53:53Z	2021-05-12T13:29:58Z	-122.112042411439	36.8877674055997
