REF	PTT	D_DATE	LQ	LI	LAT	LON	ALT_LAT	ALT_LON	N_MESS	N_MESS_120	BEST_LEVEL	PASS_DUR	DIST	FREQ	V_MASK	ALT	SOURCE	EST_SPEED	KM_FROM_HOME	OLD_LQ	IQ	NOPS	DELETED	ACTUAL_PTT	KM_FROM_HAUL	SST	ERROR_RADIUS	SEMI_MAJOR_AXIS	SEMI_MINOR_AXIS	ELLIPSE_ORIENTATION	HDOP	SATELLITE	DIAG_ID
ft32-TSL-728-22	236479	2023-02-13T19:21:23Z	-1		37.12602	-122.3782	37.12602	-122.3782	3	0	-126	554		401677500	0			0.13	3.831		0	3		236479			567	3353	96	150	1557	NN	310403736
ft32-TSL-728-22	236479	2023-02-13T19:55:26Z	-2		37.12842	-122.3785	37.12842	-122.3785	1	0	-129	0		401677487.2	0			0.61	3.986		8	3		236479			961	1224	754	129	2702	MC	310403737
ft32-TSL-728-22	236479	2023-02-14T13:34:08Z	-2		37.71429	-122.64275	37.71429	-122.64275	2	0	-122	50		401677316	20						0	3		236479			78372	0	4874	67	5927	SR	310614929
ft32-TSL-728-22	236479	2023-02-14T15:09:37Z	-2		37.5663	-123.02536	37.5663	-123.02536	2	0	-124	40		401677451.1	0			1.58	79.116		5	2		236479			102611	502567	20950	88	4142	NK	310618127
ft32-TSL-728-22	236479	2023-02-14T16:28:57Z	-2		37.53755	-123.13121	37.53755	-123.13121	1	0	-127	0		401677432	0			2.09	84.679		8	3		236479			94208	211164	42030	88	5378	NP	310646716
ft32-TSL-728-22	236479	2023-02-14T19:09:09Z	-2		37.48032	-123.34921	37.48032	-123.34921	1	0	-130	0		401677426.5	0			1.54	98.42		8	3		236479			8635	17863	4173	80	8130	NN	310667278
ft32-TSL-728-22	236479	2023-02-15T01:53:09Z	-2		37.38527	-123.58748	37.38527	-123.58748	1	0	-131	0		401677435.2	0			1.01	114.708		8	2		236479			16992	65729	4392	78	22568	SR	310741904
ft32-TSL-728-22	236479	2023-02-22T02:01:33Z	-2		40.42273	-129.86425	36.04266	-104.51606	2	0	-129	42		401677530.3	0			0.6	749.593		0	3		236479			821	9890	68	111	1082	A1	312842418
ft32-TSL-728-22	236479	2023-02-22T05:11:54Z	-2		40.42185	-129.88412	40.42185	-129.88412	1	0	-125	0		401677499.4	0			-1	749.58		0	3		236479			1791	2083	1539	90	5059	MB	312842420
ft32-TSL-728-22	236479	2023-02-22T05:11:54Z	-2		40.42269	-129.86409	40.42269	-129.86409	1	0	-137	0		401677530	0			-1	749.58		8	3		236479			1864	2364	1469	89	5266	NN	312842419
ft32-TSL-728-22	236479	2023-02-22T05:48:59Z	-2		40.43558	-129.8848	40.43558	-129.8848	1	0	-128	0		401677511.3	0			0.88	751.794		7	3		236479			1782	2606	1218	88	5033	NP	312842421
ft32-TSL-728-22	236479	2023-02-22T12:46:03Z	-2		40.57912	-129.99599	40.57912	-129.99599	1	0	-124	0		401677559.8	0			1.87	767.505		8	3		236479			2844	4666	1732	68	8037	SR	312912083
ft32-TSL-728-22	236479	2023-02-22T14:21:31Z	-2		40.71963	-130.0802	40.71963	-130.0802	2	0	-128	73		401677518.8	0			2.37	781.147		8	3		236479			10186	137082	756	64	7182	SR	312942637
ft32-TSL-728-22	236479	2023-02-22T16:25:36Z	-2		40.79136	-130.14312	40.79136	-130.14313	1	0	-129	0		401677497.6	20				789.628		8	3		236479			11411	33923	3838	64	8044	NP	312960072
ft32-TSL-728-22	236479	2023-02-22T18:08:10Z	-2		40.77373	-130.35106	40.77373	-130.35106	1	0	-123	0		401677538.8	0			1.48	804.127		6	3		236479			8739	10756	7100	79	5797	NP	312982109
ft32-TSL-728-22	236479	2023-02-22T20:05:35Z	-2		40.80673	-130.44317	40.80673	-130.44318	1	0	-125	0		401677538.1	0			1.31	812.707		8	3		236479			10118	17310	5914	122	9492	MC	313008600
ft32-TSL-728-22	236479	2023-02-23T03:20:51Z	-2		40.95679	-130.83207	40.95679	-130.83208	1	0	-139	0		401677526.8	0			1.23	849.453		8	3		236479			7022	12642	3899	121	13101	A1	313135195
ft32-TSL-728-22	236479	2023-02-23T05:49:28Z	-2		40.90504	-130.74282	40.90504	-130.74281	2	2	-119	80		401677504.4	0			0.98	840.133		8	3		236479			3363	255925	44	76	9514	MC	313153430
ft32-TSL-728-22	236479	2023-02-24T02:07:24Z	-2		41.3062	-131.6563	41.3062	-131.6563	1	0	-127	0		401677497.5	20			2.13	928.702		0	2		236479			4119	11821	1435	110	11647	SR	313476415
ft32-TSL-728-22	236479	2023-02-24T02:53:47Z	-9		41.19349	-131.30504	41.19349	-131.30504	5	0	-121	258		401677519	20						36	2		236479			7138	775492	65	99	7030	A1	313494446
ft32-TSL-728-22	236479	2023-02-24T03:48:32Z	-2		41.23772	-131.45575	41.23772	-131.45575	2	0	-133	66		401677515.2	20						8	3		236479			1733	5146	583	47	4895	NP	313494449
ft32-TSL-728-22	236479	2023-02-24T03:49:05Z	-2		41.24208	-131.45644	41.24208	-131.45644	2	0	-126	66		401677509	0			-1	910.222		6	3		236479			2358	11839	469	128	6661	MC	313494448
ft32-TSL-728-22	236479	2023-02-24T03:49:05Z	-2		41.25208	-131.44485	41.25208	-131.44485	2	0	-128	66		401677523.3	0			-1	910.222		6	3		236479			872	2782	273	76	2443	SR	313494447
ft32-TSL-728-22	236479	2023-02-24T05:28:32Z	-2		41.27713	-131.53934	41.27713	-131.53934	1	0	-125	0		401677501.4	20			1.33	918.523		8	3		236479			2263	4350	1176	130	6394	NP	313489967
ft32-TSL-728-22	236479	2023-02-24T05:29:21Z	-1		41.24409	-131.4634	41.24409	-131.4634	3	2	-112	95		401677524.1	0			0.76	911.189		6	3		236479			1290	20389	81	80	1962	MC	313489968
ft32-TSL-728-22	236479	2023-02-24T13:33:11Z	-2		41.39508	-131.84042	41.39508	-131.84042	1	0	-140	0		401677521.1	0			1.71	946.908		8	3		236479			5430	7521	3919	97	8299	A1	313601549
ft32-TSL-728-22	236479	2023-02-24T15:06:17Z	-2		41.34236	-131.71238	41.34236	-131.71239	1	0	-126	0		401677522.9	0			1.54	934.712		8	3		236479			21823	189159	2517	114	44048	SR	313619182
ft32-TSL-728-22	236479	2023-02-24T16:08:42Z	-2		41.24399	-131.45141	41.24399	-131.45142	1	0	-135	0		401677498.8	20				910.294		8	3		236479			26805	282943	2539	118	35473	NP	313632454
ft32-TSL-728-22	236479	2023-02-24T17:30:05Z	-2		41.3425	-131.62083	41.3425	-131.62083	1	0	-129	0		401677508	0			0.99	927.922		8	3		236479			34135	250414	4653	121	25129	NK	313681585
ft32-TSL-728-22	236479	2023-02-26T02:44:34Z	-2		42.14288	-133.06825	42.14288	-133.06825	2	0	-121	53		401677501.5	20			1.35	1055.917		0	3		236479			1199	5686	252	93	1334	NK	314144811
ft32-TSL-728-22	236479	2023-02-26T02:44:34Z	-2		42.10635	-132.82199	42.10635	-132.82199	2	0	-122	53		401677559.8	0			1.35	1055.917		0	3		236479			20714	897433	478	98	12971	SR	314144812
ft32-TSL-728-22	236479	2023-02-26T04:18:04Z	-2		42.17078	-133.09924	42.17078	-133.09924	1	0	-133	0		401677510.6	20						8	3		236479			2457	3762	1604	88	3882	NN	314189230
ft32-TSL-728-22	236479	2023-02-26T04:18:04Z	-2		42.20479	-132.85507	42.20479	-132.85507	1	0	-129	0		401677572.7	20						0	3		236479			3202	7614	1346	73	5486	SR	314189231
ft32-TSL-728-22	236479	2023-02-26T04:53:32Z	-2		42.20241	-132.89928	42.20241	-132.89928	1	0	-127	0		401677537	0			1.17	1066.62		8	3		236479			2418	4962	1178	75	5766	MC	314189232
ft32-TSL-728-22	236479	2023-02-26T06:07:21Z	-2		42.17729	-132.91872	42.17729	-132.91872	1	0	-137	0		401677510.5	0			0.97	1066.694		8	3		236479			2338	4628	1180	92	6607	NK	314259284
ft32-TSL-728-22	236479	2023-02-26T06:25:42Z	-2		42.18323	-133.12475	42.18323	-133.12476	2	0	-123	54		401677532.4	20				1081.991		6	3		236479			1584	22563	111	108	4472	MC	314259285
ft32-TSL-728-22	236479	2023-02-27T02:05:05Z	-2		42.39583	-133.92619	42.39583	-133.9262	2	0	-133	116		401677476	0			1.25	1151.478		0	3		236479			8430	81962	867	1	3920	A1	314481696
ft32-TSL-728-22	236479	2023-02-27T03:03:30Z	-2		42.25437	-134.29585	42.25437	-134.29585	1	0	-127	0		401677571	20				1171.883		0	3		236479			4724	7342	3039	106	13359	NP	314481697
ft32-TSL-728-22	236479	2023-02-27T03:36:44Z	-2		42.40724	-134.01185	42.40724	-134.01186	1	0	-135	0		401677486.1	0			0.95	1158.336		8	3		236479			7708	10202	5822	14	5068	A1	314481698
ft32-TSL-728-22	236479	2023-02-27T05:19:43Z	-2		42.42248	-134.05226	42.42248	-134.05226	1	0	-129	0		401677508.6	0			1.32	1162.065		8	3		236479			13518	27377	6674	91	8939	MB	314495149
ft32-TSL-728-22	236479	2023-02-27T05:38:04Z	-2		42.43618	-134.03239	42.43618	-134.0324	1	0	-135	0		401677527.6	0			1.49	1161.294		6	3		236479			5065	20170	1272	90	14326	NK	314495150
ft32-TSL-728-22	236479	2023-02-27T06:51:24Z	-2		42.44358	-134.08281	42.44358	-134.08281	1	0	-125	0		401677528	0			0.61	1165.363		8	3		236479			4688	15101	1455	89	13259	MB	314517546
ft32-TSL-728-22	236479	2023-02-27T07:30:05Z	-2		42.44894	-134.08387	42.44894	-134.08388	1	0	-130	0		401677536.3	0			0.72	1165.709		8	3		236479			2855	5380	1515	110	8071	NN	314517547
ft32-TSL-728-22	236479	2023-02-27T15:08:52Z	-2		42.6023	-134.42182	42.6023	-134.42181	1	0	-131	0		401677546.3	0			0.96	1198.147		8	3		236479			3140	7369	1338	86	8877	SR	314615378
ft32-TSL-728-22	236479	2023-02-28T02:58:04Z	-2		42.72043	-134.76646	42.72043	-134.76646	1	0	-130	0		401677523.4	0			1.08	1229.263		8	3		236479			4819	8577	2707	79	13628	NP	314795008
ft32-TSL-728-22	236479	2023-02-28T04:34:55Z	-2		42.70626	-134.66748	42.70626	-134.66748	1	0	-124	0		401677584.1	0			1.18	1221.312		6	3		236479			6066	10620	3464	133	16165	NP	314839450
ft32-TSL-728-22	236479	2023-02-28T05:00:04Z	-2		42.87296	-134.75286	42.87296	-134.75285	1	0	-127	0		401677501.9	20				1235.91		6	3		236479			3982	18716	847	95	10940	SR	314839451
ft32-TSL-728-22	236479	2023-03-03T17:51:43Z	-2		44.18279	-137.62881	44.18279	-137.62881	2	0	-124	96		401677481.3	0			1.58	1508.756		0	3		236479			20275	907668	452	92	5543	NK	315965611
ft32-TSL-728-22	236479	2023-03-03T18:42:21Z	-2		44.21008	-137.55373	44.21008	-137.55373	2	0	-122	49		401677509.8	0			1.4	1504.732		6	3		236479			16805	169465	1666	103	4565	MC	316024038
ft32-TSL-728-22	236479	2023-03-03T19:31:32Z	-2		44.22452	-137.54528	44.22452	-137.54527	1	0	-126	0		401677506.6	0			-1	1505.49		8	3		236479			12898	39039	4261	101	4955	MB	316024039
ft32-TSL-728-22	236479	2023-03-03T19:31:32Z	-2		44.22516	-137.55386	44.22516	-137.55386	1	0	-133	0		401677516.7	0			-1	1505.49		0	3		236479			2501	7134	876	102	4682	NK	316024040
ft32-TSL-728-22	236479	2023-03-03T19:47:18Z	-2		44.22955	-137.54283	44.22955	-137.54283	1	0	-135	0		401677502.1	0			0.6	1504.921		6	3		236479			2757	7564	1005	100	5163	NP	316024041
ft32-TSL-728-22	236479	2023-03-04T03:00:38Z	-2		44.23246	-137.58551	44.23246	-137.58551	1	0	-136	0		401677530.2	0			0.23	1508.112		8	3		236479			3241	4864	2158	95	9161	SR	316089919
ft32-TSL-728-22	236479	2023-03-04T05:59:02Z	-2		44.26263	-137.57379	44.26263	-137.57379	1	0	-123	0		401677516.2	0			0.93	1508.777		8	3		236479			5675	8674	3713	37	16052	MC	316132828
ft32-TSL-728-22	236479	2023-03-04T06:33:10Z	-2		44.52463	-137.77572	44.52463	-137.77573	2	0	-128	92		401677520.5	20				1536.29		8	2		236479			74541	678516	8189	43	12997	NN	316141504
ft32-TSL-728-22	236479	2023-03-04T07:09:25Z	-2		44.44357	-137.99138	44.44357	-137.99138	1	0	-137	0		401677481.8	20				1547.511		8	3		236479			52228	200164	13627	46	8632	NP	316141505
ft32-TSL-728-22	236479	2023-03-04T14:15:10Z	-2		44.54798	-137.98931	44.54798	-137.9893	2	0	-123	94		401677532.7	0			1.32	1552.571		8	3		236479			53592	0	2059	65	7718	SR	316236490
ft32-TSL-728-22	236479	2023-03-04T15:50:45Z	-2		44.58411	-138.28015	44.58411	-138.28015	1	0	-137	0		401677556.2	20			1.29	1574.999		7	3		236479			54937	162064	18622	69	6889	NK	316285119
ft32-TSL-728-22	236479	2023-03-04T22:09:50Z	-2		44.827	-139.17548	44.827	-139.17548	1	0	-133	0		401677550.1	20				1650.524		8	3		236479			171270	726735	40363	104	22133	NN	316337695
ft32-TSL-728-22	236479	2023-03-05T03:24:11Z	-2		44.60713	-138.69219	44.60713	-138.69218	2	1	-119	85		401677505.1	20						8	3		236479			9531	0	76	93	15738	A1	316446343
ft32-TSL-728-22	236479	2023-03-05T04:03:03Z	-2		44.60689	-138.66778	44.60689	-138.66779	1	0	-125	0		401677501.3	0			1.74	1603.721		8	2		236479			6496	70038	602	95	10961	SR	316463481
ft32-TSL-728-22	236479	2023-03-05T04:03:03Z	-2		44.61979	-138.40902	44.61979	-138.40903	1	0	-123	0		401677556.1	20			1.74	1603.721		0	3		236479			19605	303091	1268	92	18407	MC	316463482
ft32-TSL-728-22	236479	2023-03-05T04:59:11Z	-2		44.63405	-138.53607	44.63405	-138.53607	1	0	-135	0		401677566.3	20				1595.65		8	3		236479			7837	87170	704	93	17765	A1	316463483
ft32-TSL-728-22	236479	2023-03-05T06:13:00Z	-2		44.67147	-138.85257	44.67147	-138.85257	1	0	-124	0		401677507.6	20				1620.027		8	3		236479			5832	23092	1472	97	9985	NN	316539544
ft32-TSL-728-22	236479	2023-03-05T06:30:19Z	-2		44.66517	-138.92252	44.66517	-138.92252	1	0	-135	0		401677504.4	0			1.55	1624.723		6	3		236479			9607	45290	2037	99	10189	NK	316539545
ft32-TSL-728-22	236479	2023-03-05T15:41:08Z	-2		44.97883	-140.229	44.97883	-140.229	1	0	-132	0		401677530.5	20				1733.017		8	3		236479			10427	42555	2554	99	11121	A1	316581503
ft32-TSL-728-22	236479	2023-03-15T23:16:28Z	-1		46.47419	-146.91243	46.47419	-146.91243	3	0	-130	83		401677524.3	0			0.49	2277.197		0	3		236479			14196	16050	12555	124	1537	NN	319706835
ft32-TSL-728-22	236479	2023-03-16T04:50:02Z	-2		46.43977	-146.96176	46.43977	-146.96176	1	0	-130	0		401677530.1	0			-1	2327.763		0	3		236479			52718	438379	6339	91	8072	NP	319803478
ft32-TSL-728-22	236479	2023-03-16T04:50:02Z	-2		46.54685	-147.57226	46.54685	-147.57227	1	0	-125	0		401677531.8	0			-1	2327.763		8	3		236479			50513	169453	15057	98	5469	A1	319803477
ft32-TSL-728-22	236479	2023-03-16T09:04:40Z	-2		46.48641	-147.54068	46.48641	-147.54068	1	0	-129	0		401677482.6	0			0.49	2323.414		8	3		236479			46826	143333	15297	98	8780	NN	319828054
ft32-TSL-728-22	236479	2023-03-16T21:28:44Z	-2		46.46552	-147.24832	46.46552	-147.24832	1	0	-124	0		401677510	0			0.47	2301.363		0	3		236479			6776	23723	1935	84	19167	NN	319955558
ft32-TSL-728-22	236479	2023-03-20T04:26:55Z	-2		45.99705	-148.68162	45.99705	-148.68163	2	0	-129	59		401677524.9	0			0.47	2392.417		0	3		236479			29451	217333	3990	115	24796	SR	320838542
ft32-TSL-728-22	236479	2023-03-28T04:19:53Z	-9		41.90017	-137.00336	41.90017	-137.00336	4	2	-115	124		401677495.7	20				1365.336		30	1		236479			0	0	784460	57	204	A1	322801164
ft32-TSL-728-22	236479	2023-03-28T07:43:45Z	1		45.88831	-153.38719	45.88831	-153.38719	5	0	-120	526		401677536	0			0.58	2745.607		40	2		236479			1326	3285	535	90	136	MC	322827622
ft32-TSL-728-22	236479	2023-03-28T08:24:06Z	-2		45.90217	-153.38403	45.90217	-153.38403	2	0	-124	91		401677521.6	0			0.38	2745.626		8	3		236479			13976	33343	5857	95	2028	NN	322827623
ft32-TSL-728-22	236479	2023-04-07T04:14:43Z	-2		46.36062	-153.50012	46.36062	-153.50012	3	0	-130	89		401677484.2	20			0.06	2763.481		0	3		236479			17551	531270	579	50	18957	NK	325149922
ft32-TSL-728-22	236479	2023-04-07T06:00:33Z	-2		46.64703	-153.38687	46.64703	-153.38687	1	0	-124	0		401677565.6	20						6	3		236479			11540	29976	4442	67	5845	MC	325147085
ft32-TSL-728-22	236479	2023-04-07T06:00:33Z	-2		46.62365	-153.38218	46.62365	-153.38219	1	0	-141	0		401677484.1	20						8	3		236479			5945	20607	1714	57	9012	A1	325147084
ft32-TSL-728-22	236479	2023-04-07T06:19:41Z	-2		46.7136	-153.26487	46.7136	-153.26488	2	0	-131	72		401677462	20						6	3		236479			7214	44612	1166	86	3809	NN	325147086
ft32-TSL-728-22	236479	2023-04-07T06:55:03Z	-2		46.74435	-153.27179	46.74435	-153.27179	1	0	-132	0		401677518.5	20			0.11	2754.599		5	3		236479			12576	41684	3794	89	4770	MB	325147087
ft32-TSL-728-22	236479	2023-04-07T07:11:35Z	-2		46.76322	-153.23446	46.76322	-153.23447	1	0	-131	0		401677569.5	20				2752.238		6	3		236479			1675	4656	602	91	4730	NP	325152779
ft32-TSL-728-22	236479	2023-04-07T08:03:33Z	-1		46.69375	-153.07388	46.69375	-153.07388	3	0	-127	83		401677530.3	0			0.48	2738.666		8	3		236479			17797	53578	5911	80	4507	NN	325152780
ft32-TSL-728-22	236479	2023-04-07T09:36:28Z	-2		46.71508	-153.01983	46.71508	-153.01984	2	0	-130	89		401677524.4	0			0.67	2735.115		8	2		236479			11522	77406	1715	98	4126	NN	325164156
ft32-TSL-728-22	236479	2023-04-08T04:37:47Z	-2		46.84236	-152.94987	46.84236	-152.94987	1	1	-118	0		401677497.7	20						0	3		236479			24565	142912	4222	100	10330	SR	325363879
ft32-TSL-728-22	236479	2023-04-08T05:13:39Z	-2		46.80606	-152.58443	46.80606	-152.58443	1	0	-132	0		401677528.4	0			1.62	2704.803		6	2		236479			22786	338730	1532	91	17387	NP	325363880
ft32-TSL-728-22	236479	2023-04-08T05:44:48Z	-2		46.79845	-152.5177	46.79845	-152.5177	1	0	-122	0		401677542.1	0			1.92	2699.656		7	3		236479			16015	180227	1423	92	17144	MC	325363881
ft32-TSL-728-22	236479	2023-04-08T07:16:27Z	-2		46.78039	-152.22981	46.78039	-152.22981	1	0	-123	0		401677553.9	20				2677.809		8	3		236479			15420	72967	3258	92	11632	MC	325372729
ft32-TSL-728-22	236479	2023-04-08T08:04:46Z	-9		46.81074	-152.63515	46.81074	-152.63515	1	0	-134	0		401677520.7	0			1.28	2708.688		8	2		236479			24369	166690	3562	91	18383	MB	325372730
ft32-TSL-728-22	236479	2023-04-08T14:14:21Z	-2		46.71359	-151.47727	46.71359	-151.47726	1	0	-129	0		401677511	20				2620.225		8	3		236479			11796	57250	2430	101	18514	SR	325429131
ft32-TSL-728-22	236479	2023-04-08T16:00:40Z	-2		46.74053	-152.08755	46.74053	-152.08755	2	0	-130	43		401677525.6	0			0.85	2666.244		8	3		236479			16354	345514	774	101	19563	SR	325444061
ft32-TSL-728-22	236479	2023-04-08T20:25:18Z	-2		46.71765	-151.8291	46.71765	-151.8291	1	0	-132	0		401677510.4	20			1.25	2646.458		8	3		236479			17467	119898	2544	101	20371	MB	325487878
ft32-TSL-728-22	236479	2023-04-08T21:08:26Z	-2		46.77146	-152.10864	46.77146	-152.10864	2	0	-124	39		401677525.6	0			0.49	2668.583		7	2		236479			4595	9399	2245	112	6610	MC	325487879
ft32-TSL-728-22	236479	2023-04-09T03:22:17Z	-2		46.72016	-152.2665	46.72016	-152.2665	2	0	-133	46		401677446.3	20			0.59	2679.057		8	3		236479			3726	23551	589	85	5723	NK	325565326
ft32-TSL-728-22	236479	2023-04-09T04:04:06Z	-1		46.80604	-151.86161	43.94833	-136.70518	3	0	-125	121		401677536	0			0.4	2651.122		50	3		236479			1485	11413	193	94	364	SR	325565327
ft32-TSL-728-22	236479	2023-04-09T05:08:23Z	-2		46.80602	-151.86051	43.9491	-136.6984	1	0	-136	0		401677527.2	0			0.9	2651.04		8	3		236479			12680	18647	8621	90	3118	NP	325579861
ft32-TSL-728-22	236479	2023-04-09T05:44:06Z	-2		46.78219	-151.82473	46.78219	-151.82474	2	0	-121	81		401677512.2	0			1.38	2647.777		1	3		236479			5862	40582	846	69	2464	SR	325579862
ft32-TSL-728-22	236479	2023-04-09T06:03:25Z	-2		46.78754	-151.81212	46.78754	-151.81212	1	0	-127	0		401677534	0			1.17	2646.978		6	3		236479			1729	4094	729	74	2615	MB	325579863
ft32-TSL-728-22	236479	2023-04-09T09:14:26Z	-2		46.80014	-151.60904	46.80014	-151.60904	2	0	-124	43		401677540.2	0			0.85	2632.251		8	3		236479			2527	5859	1089	143	3339	NN	325605884
ft32-TSL-728-22	236479	2023-04-09T18:48:23Z	-2		46.72699	-151.31065	46.72699	-151.31065	1	0	-125	0		401677544	20			0.7	2608.22		8	3		236479			7277	13216	4006	113	8645	NK	325691983
ft32-TSL-728-22	236479	2023-04-09T19:12:46Z	-1		46.76449	-151.45218	46.76449	-151.45218	3	0	-120	88		401677525.9	0			0.53	2619.696		6	3		236479			927	7329	117	114	2605	MC	325691984
ft32-TSL-728-22	236479	2023-04-14T18:01:37Z	-1		46.45498	-147.51976	46.45498	-147.51976	3	0	-120	86		401677538.9	0			0.72	2320.828		0	3		236479			1158	6574	204	55	1223	NP	326764248
ft32-TSL-728-22	236479	2023-04-15T05:56:30Z	-2		46.41845	-147.1123	46.41845	-147.1123	1	0	-131	0		401677528.9	0			1.48	2289.822		8	3		236479			13681	30450	6146	105	8519	SR	326880713
ft32-TSL-728-22	236479	2023-04-15T06:20:58Z	-2		46.45938	-147.23426	46.45938	-147.23425	1	0	-131	0		401677525.7	20						6	3		236479			11672	67198	2027	91	10255	NN	326886330
ft32-TSL-728-22	236479	2023-04-15T06:31:48Z	-2		46.44638	-147.15847	46.44638	-147.15846	2	1	-119	89		401677555.9	0			1.76	2294.151		6	3		236479			2278	26079	199	85	6439	MC	326886331
ft32-TSL-728-22	236479	2023-04-15T07:15:03Z	-2		46.44572	-147.11492	46.44572	-147.11491	1	0	-129	0		401677567.6	0			1.07	2290.952		7	2		236479			2171	9371	503	86	6135	NP	326886332
ft32-TSL-728-22	236479	2023-04-15T15:50:33Z	-2		46.41023	-146.77686	46.41023	-146.77686	1	0	-136	0		401677547.3	0			1	2265.081		8	3		236479			3821	7324	1993	89	10805	A1	326963934
ft32-TSL-728-22	236479	2023-04-16T03:14:04Z	-2		46.38616	-146.16145	46.38616	-146.16145	1	0	-132	0		401677528	0			1.34	2219.494		8	3		236479			5183	22679	1184	119	14658	A1	327071370
ft32-TSL-728-22	236479	2023-04-16T04:35:10Z	-2		46.45002	-146.18909	46.45002	-146.18909	2	0	-126	42		401677546	0			2.14	2223.838		7	3		236479			1506	2789	812	137	4250	MC	327079369
ft32-TSL-728-22	236479	2023-04-16T05:12:18Z	-1		46.50485	-146.18039	46.50485	-146.18039	3	0	-128	86		401677534.1	0			2	2225.235		8	3		236479			3691	7085	1922	104	3488	NP	327087382
ft32-TSL-728-22	236479	2023-04-16T06:10:46Z	-2		46.53897	-146.15232	46.53897	-146.15231	1	0	-131	0		401677523.8	0			0.81	2224.477		8	3		236479			6799	11470	4029	100	4557	MC	327087383
ft32-TSL-728-22	236479	2023-04-16T15:04:11Z	-2		46.44011	-146.08095	46.44011	-146.08095	1	0	-120	0		401677488.5	0			1.21	2215.646		8	3		236479			8683	20048	3760	77	8196	SR	327179581
ft32-TSL-728-22	236479	2023-04-16T15:50:12Z	-1		46.39793	-146.04016	46.39793	-146.04016	3	0	-130	133		401677559.9	0			2.45	2211.136		5	2		236479			4285	28309	648	105	3438	NK	327179582
ft32-TSL-728-22	236479	2023-04-16T17:36:35Z	-2		46.35331	-145.81125	46.35331	-145.81125	2	0	-127	41		401677563.4	0			1.87	2192.904		8	3		236479			3121	5638	1727	30	2704	NP	327206685
ft32-TSL-728-22	236479	2023-04-16T17:36:56Z	-2		46.32294	-145.82861	46.32294	-145.82861	2	0	-124	41		401677552.7	20						6	3		236479			3857	5029	2958	35	2094	NK	327206684
ft32-TSL-728-22	236479	2023-04-16T18:26:02Z	-2		46.3937	-145.75697	46.3937	-145.75697	1	0	-120	0		401677552.5	20			1.83	2190.491		8	3		236479			4268	5900	3087	44	4159	MC	327206686
ft32-TSL-728-22	236479	2023-04-16T19:13:02Z	-1		46.39992	-145.70895	46.39992	-145.70895	3	0	-126	130		401677574.3	20			1.33	2187.257		6	3		236479			854	5503	132	123	2397	NK	327206687
ft32-TSL-728-22	236479	2023-04-16T19:14:06Z	0		46.3553	-145.878	46.3553	-145.878	4	0	-126	129		401677525.2	0			1.09	2197.813		46	3		236479			10200	106983	972	119	3151	NP	327206688
ft32-TSL-728-22	236479	2023-04-16T20:01:19Z	-2		46.35659	-145.83012	46.35659	-145.83012	1	0	-135	0		401677549.4	0			1.18	2194.393		6	3		236479			9229	20241	4207	113	4032	NN	327206689
ft32-TSL-728-22	236479	2023-04-17T14:35:37Z	-2		46.21685	-144.93708	46.21685	-144.93707	2	0	-130	89		401677593.2	0			0.9	2124.515		0	3		236479			10663	429531	264	89	4890	SR	327366859
ft32-TSL-728-22	236479	2023-04-17T18:05:44Z	-2		46.14907	-145.00916	46.14907	-145.00916	2	0	-123	43		401677534.7	0			0.76	2127.111		8	3		236479			13069	42106	4056	110	3990	MC	327394083
ft32-TSL-728-22	236479	2023-04-18T03:12:06Z	-2		46.11704	-144.67928	46.11704	-144.67928	2	0	-138	88		401677545	0			0.81	2102.01		8	3		236479			8246	31737	2142	26	5545	NP	327477371
ft32-TSL-728-22	236479	2023-04-18T06:36:29Z	-2		46.14083	-144.5509	46.14083	-144.5509	1	0	-122	0		401677557.3	0			1.7	2093.675		8	3		236479			6796	8485	5442	74	6462	NP	327511234
ft32-TSL-728-22	236479	2023-04-18T07:16:19Z	-2		46.08642	-144.53697	46.08642	-144.53697	2	1	-115	114		401677549.8	0			1.76	2090.529		8	3		236479			4601	188125	112	91	8901	MC	327511235
ft32-TSL-728-22	236479	2023-04-23T05:10:03Z	-2		45.22069	-142.12346	45.22069	-142.12346	2	0	-130	44		401677806.6	20				1880.605		0	3		236479			28839	351725	2364	94	10531	SR	328502309
ft32-TSL-728-22	236479	2023-04-23T07:03:34Z	-2		44.73684	-139.70894	39.93058	-166.79199	2	0	-127	43		401677536	0			1.15	1684.548		0	3		236479			27717	504066	1524	29	10105	MC	328513540
ft32-TSL-728-22	236479	2023-04-23T08:08:25Z	-2		44.78015	-139.68236	39.66313	-166.30705	1	0	-135	0		401677554.8	0			1	1684.619		7	3		236479			17004	51775	5584	30	8744	NN	328516361
ft32-TSL-728-22	236479	2023-04-23T14:47:43Z	-2		44.64341	-139.71929	44.64341	-139.71928	2	0	-129	41		401677579.7	0			0.84	1681.055		8	3		236479			12040	202436	716	84	6347	SR	328575928
ft32-TSL-728-22	236479	2023-04-23T14:48:04Z	-2		44.67464	-139.35891	44.67464	-139.35892	2	0	-122	41		401677531.9	20				1656.472		6	2		236479			4557	24507	847	74	1647	A1	328575929
ft32-TSL-728-22	236479	2023-04-30T02:38:32Z	-2		42.6265	-133.04183	42.6265	-133.04182	2	0	-128	95		401677600.5	0			1.31	1100.056		0	3		236479			17686	168162	1860	86	3528	NK	329925076
ft32-TSL-728-22	236479	2023-04-30T03:02:47Z	-2		42.60739	-133.03068	42.60739	-133.03069	2	0	-133	42		401677556.5	0			1.84	1098.193		6	3		236479			20171	75225	5408	86	3967	SR	329925077
ft32-TSL-728-22	236479	2023-04-30T04:11:12Z	-2		42.46062	-132.7117	42.46062	-132.7117	2	0	-124	43		401677485.2	20						8	3		236479			13597	83227	2221	65	3762	NP	329953314
ft32-TSL-728-22	236479	2023-04-30T04:28:29Z	-2		42.46968	-132.62769	42.46968	-132.62769	1	0	-129	0		401677581.6	20						6	3		236479			10071	33055	3068	66	3940	NK	329953315
ft32-TSL-728-22	236479	2023-04-30T04:49:50Z	-2		42.45213	-132.55649	42.45213	-132.55649	1	0	-131	0		401677524.9	20						6	3		236479			11023	15841	7670	82	4998	MC	329953317
ft32-TSL-728-22	236479	2023-04-30T04:50:12Z	-2		42.63477	-132.45902	42.63477	-132.45901	2	0	-129	44		401677569.2	20						6	3		236479			13789	49197	3864	109	4748	SR	329953316
ft32-TSL-728-22	236479	2023-04-30T05:25:46Z	-1		42.66261	-132.44043	42.66261	-132.44043	3	0	-127	84		401677554.7	20				1060.076		8	3		236479			12058	43635	3332	101	4620	MB	329953318
ft32-TSL-728-22	236479	2023-04-30T05:43:36Z	-2		42.63699	-132.36043	42.63699	-132.36043	2	0	-132	44		401677505.9	20				1053.017		6	3		236479			5662	12776	2509	89	3366	NP	329956139
ft32-TSL-728-22	236479	2023-04-30T06:31:51Z	-1		42.58749	-132.66834	42.58749	-132.66833	3	0	-126	93		401677557.9	20				1071.546		5	3		236479			16977	95482	3018	89	5997	NN	329956140
ft32-TSL-728-22	236479	2023-04-30T08:12:02Z	-2		42.61267	-132.48624	42.61267	-132.48624	1	0	-137	0		401677497	20				1060.3		8	2		236479			25014	65735	9518	88	6646	NN	329970134
ft32-TSL-728-22	236479	2023-04-30T14:11:29Z	-2		42.26474	-132.68389	42.26474	-132.68388	2	0	-127	42		401677516.7	20			1.19	1054.474		8	3		236479			80356	0	1548	79	6868	A1	330017748
ft32-TSL-728-22	236479	2023-04-30T17:43:41Z	-2		42.34007	-132.18838	42.34007	-132.18839	2	0	-130	92		401677614.8	20						6	2		236479			121053	0	8115	91	6076	MB	330050375
ft32-TSL-728-22	236479	2023-04-30T18:13:33Z	-2		42.34207	-131.81843	42.34207	-131.81844	1	0	-126	0		401677478.3	20			1.9	997.856		6	3		236479			58722	194410	17736	93	4168	NK	330050376
ft32-TSL-728-22	236479	2023-04-30T18:13:33Z	-2		42.34163	-131.75499	42.34163	-131.75499	1	0	-122	0		401677543.4	20			1.9	997.856		0	3		236479			2634	7966	871	91	4028	NP	330050377
ft32-TSL-728-22	236479	2023-04-30T18:42:38Z	0		42.38518	-131.58995	42.38518	-131.58995	4	2	-116	120		401677552.5	20				984.72		46	3		236479			13775	162201	1169	107	3360	MC	330050378
ft32-TSL-728-22	236479	2023-05-01T01:39:07Z	-2		42.39737	-130.98699	42.39737	-130.98698	1	0	-133	0		401677565	0			1.89	944.681		8	3		236479			20968	39743	11062	78	7233	A1	330114630
ft32-TSL-728-22	236479	2023-05-01T08:11:25Z	-2		42.28796	-130.52626	42.28796	-130.52626	1	0	-133	0		401677453.1	0			1.49	906.897		8	3		236479			22921	40637	12928	90	9682	NN	330162138
ft32-TSL-728-22	236479	2023-05-01T14:00:02Z	-2		42.32816	-130.67322	42.32816	-130.67322	1	0	-135	0		401677539.9	20			0.62	919.279		8	3		236479			31673	73262	13693	100	15382	SR	330208897
ft32-TSL-728-22	236479	2023-05-01T15:30:54Z	-2		42.33101	-131.32169	42.33101	-131.32169	1	0	-133	0		401677517.5	20						8	2		236479			20458	71955	5816	111	15751	A1	330236245
ft32-TSL-728-22	236479	2023-05-01T15:30:54Z	-2		42.18907	-130.90162	42.18907	-130.90163	1	0	-127	0		401677459.2	20						0	3		236479			11512	20337	6515	126	8665	SR	330236246
ft32-TSL-728-22	236479	2023-05-01T16:19:34Z	-2		42.03386	-130.86579	42.03386	-130.86578	1	0	-131	0		401677563.5	20						4	3		236479			14692	33927	6362	102	7193	NP	330236247
ft32-TSL-728-22	236479	2023-05-01T16:36:30Z	-2		42.00012	-130.79754	42.00012	-130.79755	1	0	-129	0		401677585.3	0			1.44	906.569		5	3		236479			8915	16353	4860	85	6451	MC	330236248
ft32-TSL-728-22	236479	2023-05-01T17:22:06Z	-2		41.96216	-130.81103	41.96216	-130.81104	1	0	-133	0		401677590.9	0			1.64	905.133		8	3		236479			9130	15765	5287	86	6870	MB	330248831
ft32-TSL-728-22	236479	2023-05-01T18:02:03Z	-2		41.92677	-130.80104	41.92677	-130.80104	1	0	-124	0		401677551.6	0			1.3	902.256		8	3		236479			11369	18244	7084	85	7091	NP	330248832
ft32-TSL-728-22	236479	2023-05-01T22:04:24Z	-2		41.84247	-130.68527	41.84247	-130.68527	1	0	-133	0		401677477.3	0			1.41	889.071		8	3		236479			3495	3858	3165	139	9881	NN	330266753
ft32-TSL-728-22	236479	2023-05-02T02:58:01Z	-2		41.94541	-130.69023	41.94541	-130.69023	2	1	-118	41		401677524.1	20						8	3		236479			2782	176730	43	100	7862	A1	330337440
ft32-TSL-728-22	236479	2023-05-02T03:42:35Z	-2		41.75368	-130.23554	41.75368	-130.23553	2	0	-125	45		401677553.3	0			2.07	852.636		7	3		236479			1567	10872	225	59	4420	NP	330337441
ft32-TSL-728-22	236479	2023-05-02T03:42:35Z	-2		41.83199	-130.10687	41.83199	-130.10687	2	0	-122	45		401677534.4	20			2.07	852.636		0	3		236479			588	1306	264	93	993	SR	330337442
ft32-TSL-728-22	236479	2023-05-02T05:18:54Z	-2		41.76156	-130.08008	41.76156	-130.08008	1	0	-133	0		401677568.7	0			1.74	842.572		8	3		236479			1609	2216	1168	89	3923	NP	330337443
ft32-TSL-728-22	236479	2023-05-02T13:35:58Z	-2		41.57701	-129.71341	41.57701	-129.71341	1	0	-134	0		401677551.4	0			1.19	805.82		8	3		236479			4142	13318	1288	66	6422	A1	330397602
ft32-TSL-728-22	236479	2023-05-10T15:39:32Z	2		37.11375	-122.33652	34.93309	-111.60115	14	0	-120	684		401677586	0			0.68	0.52		50	3		236479			303	870	105	95	198	NK	331807065
ft32-TSL-728-22	236479	2023-05-10T16:10:55Z	-1		37.11733	-122.33606	37.11733	-122.33606	3	0	-120	84		401677591.7	0			0.12	0.887		8	3		236479			1740	4180	724	33	1385	NP	331807066
ft32-TSL-728-22	236479	2023-05-10T20:11:43Z	2		37.11994	-122.34567	37.11994	-122.34567	7	0	-127	291		401677572.9	20						68	3		236479			431	1243	149	32	1181	MC	332043667
ft32-TSL-728-22	236479	2023-05-10T20:15:32Z	3		37.12102	-122.33422	37.12102	-122.33422	16	0	-124	633		401677572.4	0			0.02	1.33		56	3		236479			250	783	79	75	466	NN	332043668
ft32-TSL-728-22	236479	2023-05-11T06:02:59Z	2		37.11748	-122.34004	37.11748	-122.34004	6	0	-126	212		401677545.7	0			0.01	0.833		58	3		236479			414	5825	29	79	902	NN	331913574
ft32-TSL-728-22	236479	2023-05-12T02:33:01Z	2		37.12019	-122.33381	37.12019	-122.33381	5	0	-125	179		401677505.9	0			0.01	1.26		50	3		236479			477	2378	95	60	627	NK	332075164
ft32-TSL-728-22	236479	2023-05-12T07:28:40Z	3		36.97727	-122.03053	36.97727	-122.03053	12	0	-129	459		401677535.1	-1				31.214		58	3		236479			212	391	114	143	317	NN	332108042
ft32-TSL-728-22	236479	2023-05-12T17:22:34Z	0		36.8961	-121.96809	36.8961	-121.96809	4	0	-138	166		401677548.7	-1				40.744		58	3		236479			8974	149470	538	121	5234	NP	332182015
