REF	PTT	CNT	SURF_DUR	DIVE_DUR	MAX_DEP	DE_DATE	LAT	LON	DS_DATE	START_LAT	START_LON	N_DEPTHS	N_SPEEDS	DEPTH_STR	SPEED_STR	PROPN_STR	DEGC_STR	ILLUM_STR	PERCENT_AREA	RESIDUAL	GRP_NUMBER	N_SURF_DUR	PCA_DESC	PCA_BTM	PCA_ASC	PCA_MAX_DESC	PCA_MAX_BTM	PCA_MAX_ASC	PCA_MEAN_DESC	PCA_MEAN_BTM	PCA_MEAN_ASC	SWIM_EFF_DESC	SWIM_EFF_BTM	SWIM_EFF_ASC	SWIM_EFF_WHOLE	SECS_DESC	SECS_BTM	SECS_ASC	PITCH_DESC	PITCH_BTM	PITCH_ASC	PITCH_STR	D1	D2	D3	D4	D5	D6	D7	D8	D9	D10	D11	D12	D13	D14	D15	D16	D17	D18	D19	D20	D21	D22	D23	T1	T2	T3	T4	T5	T6	T7	T8	T9	T10	T11	T12	T13	T14	T15	T16	T17	T18	T19	T20	T21	T22	T23
ft32-TSL-728-22	236479	2	84	904		2023-02-14T00:51:28Z	37.2407302503084	-122.544410079808	2023-02-14T00:36:24Z	37.2350141739936	-122.535965970839	4	0	80.0,95.0,95.0,90.0		4.7,9.5,55.5,88.8			89.4	65535	255																						80	95	95	90																				4.7	9.5	55.5	88.8																			
ft32-TSL-728-22	236479	2	84	872		2023-02-14T01:07:24Z	37.24677512978	-122.553339919296	2023-02-14T00:52:52Z	37.2412613902525	-122.545194709755	4	0	85.0,95.0,90.0,70.0		6.3,17.4,84.1,90.4			88.6	65535	255																						85	95	90	70																				6.3	17.4	84.1	90.4																			
ft32-TSL-728-22	236479	2	60	840		2023-02-14T01:22:48Z	37.2526176723193	-122.561970858888	2023-02-14T01:08:48Z	37.2473062699262	-122.554124549895	4	0	75.0,95.0,95.0,80.0		4.7,11.1,79.3,90.4			89	65535	255																						75	95	95	80																				4.7	11.1	79.3	90.4																			
ft32-TSL-728-22	236479	2	84	904		2023-02-14T02:26:32Z	37.276797218617	-122.597690308434	2023-02-14T02:11:28Z	37.2710811308155	-122.589246162434	4	0	60.0,100.0,100.0,90.0		4.7,11.1,53.9,84.1			87	65535	255																						60	100	100	90																				4.7	11.1	53.9	84.1																			
ft32-TSL-728-22	236479	2	92	968		2023-02-14T02:44:04Z	37.2834491278634	-122.607516908792	2023-02-14T02:27:56Z	37.277328359592	-122.598474941705	4	0	100.0,100.0,100.0,80.0		9.5,22.2,79.3,88.8			87.8	65535	255																						100	100	100	80																				9.5	22.2	79.3	88.8																			
ft32-TSL-728-22	236479	2	92	968		2023-02-14T03:01:44Z	37.2901516237132	-122.617418241764	2023-02-14T02:45:36Z	37.2840308538516	-122.608376269552	4	0	100.0,105.0,100.0,70.0		9.5,44.4,84.1,90.4			87.4	65535	255																						100	105	100	70																				9.5	44.4	84.1	90.4																			
ft32-TSL-728-22	236479	1	116	1128		2023-02-17T13:00:56Z	38.4533560080856	-125.793978960931	2023-02-17T12:42:08Z	38.4476946497019	-125.782273458058	4	0	110.0,220.0,260.0,180.0		7.9,25.3,47.6,80.9			67.4	65535	255																						110	220	260	180																				7.9	25.3	47.6	80.9																			
ft32-TSL-728-22	236479	1	124	1160		2023-02-17T13:22:12Z	38.459760179412	-125.807220385924	2023-02-17T13:02:52Z	38.453938205016	-125.795182722747	4	0	240.0,330.0,380.0,220.0		31.7,38.0,50.7,79.3			58.8	65535	255																						240	330	380	220																				31.7	38	50.7	79.3																			
ft32-TSL-728-22	236479	1	124	1192		2023-02-17T13:44:08Z	38.4663651200862	-125.820877005396	2023-02-17T13:24:16Z	38.460382528944	-125.808507175426	4	0	140.0,250.0,390.0,210.0		12.6,31.7,49.2,82.5			58	65535	255																						140	250	390	210																				12.6	31.7	49.2	82.5																			
ft32-TSL-728-22	236479	1	108	1288		2023-02-18T01:01:28Z	38.670340189805	-126.24265635824	2023-02-18T00:40:00Z	38.663875507422	-126.229287896828	4	0	175.0,360.0,625.0,250.0		11.1,33.3,52.3,84.1			52.5	65535	255																						175	360	625	250																				11.1	33.3	52.3	84.1																			
ft32-TSL-728-22	236479	1	100	1288		2023-02-18T01:24:44Z	38.6773469485421	-126.257145836966	2023-02-18T01:03:16Z	38.6708822597184	-126.243777318596	4	0	170.0,360.0,370.0,220.0		11.1,38.0,44.4,79.3			62.7	65535	255																						170	360	370	220																				11.1	38	44.4	79.3																			
ft32-TSL-728-22	236479	1	124	1288		2023-02-18T01:47:52Z	38.6843135606556	-126.271552340872	2023-02-18T01:26:24Z	38.6778488656198	-126.258183767565	4	0	140.0,360.0,215.0,115.0		7.9,42.8,82.5,93.6			63.5	65535	255																						140	360	215	115																				7.9	42.8	82.5	93.6																			
ft32-TSL-728-22	236479	1	124	1064		2023-02-18T05:54:40Z	38.7586378373292	-126.425252604411	2023-02-18T05:36:56Z	38.7532973918895	-126.414208600693	4	0	300.0,370.0,390.0,330.0		22.2,30.1,55.5,71.4			66.2	65535	255																						300	370	390	330																				22.2	30.1	55.5	71.4																			
ft32-TSL-728-22	236479	1	124	1096		2023-02-18T06:15:00Z	38.7647612835114	-126.437915869199	2023-02-18T05:56:44Z	38.7592602202346	-126.42653968902	4	0	390.0,340.0,380.0,340.0		36.5,44.4,52.3,71.4			64.7	65535	255																						390	340	380	340																				36.5	44.4	52.3	71.4																			
ft32-TSL-728-22	236479	1	108	1128		2023-02-18T06:35:52Z	38.7710453479812	-126.450911314431	2023-02-18T06:17:04Z	38.7653836667464	-126.439202956724	4	0	135.0,130.0,170.0,140.0		9.5,33.3,53.9,85.7			76	65535	255																						135	130	170	140																				9.5	33.3	53.9	85.7																			
ft32-TSL-728-22	236479	1	116	1320		2023-02-18T15:29:12Z	38.9316610799011	-126.783069156045	2023-02-18T15:07:12Z	38.9250356722307	-126.769367567878	4	0	175.0,400.0,500.0,300.0		7.9,31.7,55.5,79.3			62.3	65535	255																						175	400	500	300																				7.9	31.7	55.5	79.3																			
ft32-TSL-728-22	236479	1	124	1352		2023-02-18T15:53:40Z	38.9390293354338	-126.798306975133	2023-02-18T15:31:08Z	38.9322433126636	-126.784273234715	4	0	155.0,550.0,575.0,525.0		7.9,41.2,46.0,65.0			61.1	65535	255																						155	550	575	525																				7.9	41.2	46	65																			
ft32-TSL-728-22	236479	1	124	1384		2023-02-18T16:18:48Z	38.9465983596632	-126.81395998296	2023-02-18T15:55:44Z	38.9396517220912	-126.799594092927	4	0	160.0,380.0,575.0,300.0		7.9,39.6,57.1,82.5			56	65535	255																						160	380	575	300																				7.9	39.6	57.1	82.5																			
ft32-TSL-728-22	236479	1	132	1160		2023-02-20T00:03:20Z	39.5201342551832	-127.999893291751	2023-02-19T23:44:00Z	39.5143125930953	-127.987858389212	4	0	360.0,550.0,600.0,525.0		26.9,34.9,47.6,60.3			57.6	65535	255																						360	550	600	525																				26.9	34.9	47.6	60.3																			
ft32-TSL-728-22	236479	1	492	1288		2023-02-20T00:27:00Z	39.527260755235	-128.014625519273	2023-02-20T00:05:32Z	39.5207967193754	-128.001262773555	4	0	390.0,475.0,450.0,360.0		28.5,53.9,63.4,76.1			65.4	65535	255																						390	475	450	360																				28.5	53.9	63.4	76.1																			
ft32-TSL-728-22	236479	1	92	1064		2023-02-20T00:52:56Z	39.5350697711677	-128.030768524923	2023-02-20T00:35:12Z	39.5297299324557	-128.019729885207	4	0	140.0,340.0,330.0,215.0		9.5,41.2,57.1,80.9			66.2	65535	255																						140	340	330	215																				9.5	41.2	57.1	80.9																			
ft32-TSL-728-22	236479	4	116	1000		2023-02-21T05:47:12Z	40.0572225253449	-129.109718883256	2023-02-21T05:30:32Z	40.0522053004774	-129.099356764365	4	0	260.0,350.0,425.0,290.0		15.8,23.8,49.2,73.0			63.1	65535	255																						260	350	425	290																				15.8	23.8	49.2	73																			
ft32-TSL-728-22	236479	4	116	1032		2023-02-21T06:06:20Z	40.0629822776795	-129.121614403326	2023-02-21T05:49:08Z	40.0578045222861	-129.110920878961	4	0	310.0,350.0,360.0,230.0		20.6,33.3,58.7,80.9			67.8	65535	255																						310	350	360	230																				20.6	33.3	58.7	80.9																			
ft32-TSL-728-22	236479	4	116	1032		2023-02-21T06:25:28Z	40.0687420065866	-129.133509716744	2023-02-21T06:08:16Z	40.0635642722588	-129.122816378196	4	0	280.0,350.0,320.0,225.0		15.8,46.0,68.2,82.5			69.8	65535	255																						280	350	320	225																				15.8	46	68.2	82.5																			
ft32-TSL-728-22	236479	2	116	968		2023-02-21T08:38:24Z	40.108758421415	-129.216149414891	2023-02-21T08:22:16Z	40.1039019274493	-129.206120468839	4	0	165.0,380.0,320.0,190.0		11.1,38.0,65.0,84.1			61.5	65535	255																						165	380	320	190																				11.1	38	65	84.1																			
ft32-TSL-728-22	236479	2	116	1032		2023-02-21T08:57:32Z	40.1145179599923	-129.228043049637	2023-02-21T08:40:20Z	40.1093403968042	-129.217351220507	4	0	180.0,370.0,320.0,330.0		12.6,46.0,55.5,66.6			62.3	65535	255																						180	370	320	330																				12.6	46	55.5	66.6																			
ft32-TSL-728-22	236479	2	124	1000		2023-02-21T09:16:08Z	40.1201169304872	-129.239604947667	2023-02-21T08:59:28Z	40.1150999329145	-129.229244833496	4	0	280.0,360.0,320.0,205.0		22.2,42.8,69.8,84.1			66.6	65535	255																						280	360	320	205																				22.2	42.8	69.8	84.1																			
ft32-TSL-728-22	236479	2	116	968		2023-02-22T07:18:32Z	40.4664000151265	-129.908674029011	2023-02-22T07:02:24Z	40.4608474770975	-129.904372881469	4	0	260.0,260.0,310.0,290.0		15.8,44.4,58.7,74.6			72.9	65535	255																						260	260	310	290																				15.8	44.4	58.7	74.6																			
ft32-TSL-728-22	236479	2	124	968		2023-02-22T07:36:36Z	40.4726179408521	-129.913490603748	2023-02-22T07:20:28Z	40.4670654019688	-129.909189455808	4	0	215.0,280.0,360.0,250.0		12.6,20.6,44.4,79.3			66.6	65535	255																						215	280	360	250																				12.6	20.6	44.4	79.3																			
ft32-TSL-728-22	236479	2	116	936		2023-02-22T07:54:16Z	40.4786982011176	-129.918200538822	2023-02-22T07:38:40Z	40.4733292165435	-129.914041577267	4	0	270.0,330.0,260.0,155.0		20.6,33.3,73.0,87.3			65.8	65535	255																						270	330	260	155																				20.6	33.3	73	87.3																			
ft32-TSL-728-22	236479	3	100	968		2023-02-23T04:55:12Z	40.9239362651203	-130.775409209362	2023-02-23T04:39:04Z	40.9295540741479	-130.78509789568	4	0	250.0,250.0,380.0,230.0		19.0,28.5,49.2,76.1			60.3	65535	255																						250	250	380	230																				19	28.5	49.2	76.1																			
ft32-TSL-728-22	236479	3	116	936		2023-02-23T05:12:28Z	40.9179238167669	-130.765039913624	2023-02-23T04:56:52Z	40.9233559129538	-130.774408312044	4	0	310.0,150.0,225.0,195.0		34.9,52.3,68.2,80.9			55.6	65535	255																						310	150	225	195																				34.9	52.3	68.2	80.9																			
ft32-TSL-728-22	236479	3	100	968		2023-02-23T05:30:32Z	40.9116327996863	-130.754190188778	2023-02-23T05:14:24Z	40.9172506082793	-130.763878872867	4	0	240.0,190.0,250.0,145.0		25.3,42.8,57.1,87.3			68.6	65535	255																						240	190	250	145																				25.3	42.8	57.1	87.3																			
ft32-TSL-728-22	236479	3	140	1416		2023-02-26T21:55:44Z	42.3503333218815	-133.71645494873	2023-02-26T21:32:08Z	42.3460272345902	-133.696603852293	4	0	380.0,675.0,700.0,525.0		28.5,44.4,50.7,69.8			54.9	65535	255																						380	675	700	525																				28.5	44.4	50.7	69.8																			
ft32-TSL-728-22	236479	3	124	1320		2023-02-26T22:20:04Z	42.3547732133902	-133.736922813188	2023-02-26T21:58:04Z	42.3507590649369	-133.718417624	4	0	400.0,575.0,625.0,500.0		28.5,38.0,47.6,66.6			57.6	65535	255																						400	575	625	500																				28.5	38	47.6	66.6																			
ft32-TSL-728-22	236479	3	156	1352		2023-02-26T22:44:40Z	42.3592617604112	-133.757614901405	2023-02-26T22:22:08Z	42.3551503000293	-133.738661176134	4	0	185.0,525.0,525.0,450.0		11.1,46.0,52.3,71.4			60	65535	255																						185	525	525	450																				11.1	46	52.3	71.4																			
ft32-TSL-728-22	236479	1	164	1224		2023-03-08T20:47:28Z	45.2730589977799	-141.605586576787	2023-03-08T20:27:04Z	45.2706634559431	-141.594995186491	4	0	475.0,550.0,675.0,550.0		28.5,36.5,44.4,61.9			55.6	65535	255																						475	550	675	550																				28.5	36.5	44.4	61.9																			
ft32-TSL-728-22	236479	1	196	1384		2023-03-08T21:13:16Z	45.2760886551165	-141.618981698728	2023-03-08T20:50:12Z	45.2733799691507	-141.607005691466	4	0	525.0,650.0,550.0,450.0		26.9,39.6,63.4,74.6			61.9	65535	255																						525	650	550	450																				26.9	39.6	63.4	74.6																			
ft32-TSL-728-22	236479	1	180	1224		2023-03-08T21:36:56Z	45.2788677995955	-141.631269338569	2023-03-08T21:16:32Z	45.2764722552585	-141.620677732076	4	0	500.0,625.0,650.0,340.0		25.3,44.4,50.7,77.7			59.2	65535	255																						500	625	650	340																				25.3	44.4	50.7	77.7																			
ft32-TSL-728-22	236479	1	132	936		2023-03-11T13:40:08Z	45.7301783696655	-143.627406686701	2023-03-11T13:24:32Z	45.7283464494472	-143.619304336121	4	0	450.0,450.0,500.0,475.0		28.5,31.7,50.7,63.4			62.3	65535	255																						450	450	500	475																				28.5	31.7	50.7	63.4																			
ft32-TSL-728-22	236479	1	124	936		2023-03-11T13:57:56Z	45.7322686372058	-143.636651641762	2023-03-11T13:42:20Z	45.7304367173622	-143.628549323608	4	0	475.0,525.0,350.0,340.0		30.1,52.3,69.8,73.0			60.7	65535	255																						475	525	350	340																				30.1	52.3	69.8	73																			
ft32-TSL-728-22	236479	1	132	968		2023-03-11T14:16:08Z	45.7344058766029	-143.646104309898	2023-03-11T14:00:00Z	45.7325113274166	-143.637725023641	4	0	425.0,500.0,525.0,425.0		26.9,36.5,50.7,68.2			61.9	65535	255																						425	500	525	425																				26.9	36.5	50.7	68.2																			
ft32-TSL-728-22	236479	3	116	1000		2023-03-23T03:58:56Z	45.9572172370354	-150.404998252033	2023-03-23T03:42:16Z	45.9573719148146	-150.398301843043	4	0	525.0,575.0,450.0,240.0		31.7,39.6,66.6,84.1			60	65535	255																						525	575	450	240																				31.7	39.6	66.6	84.1																			
ft32-TSL-728-22	236479	3	116	968		2023-03-23T04:17:00Z	45.9570495663225	-150.412257178795	2023-03-23T04:00:52Z	45.957199294413	-150.405775036592	4	0	400.0,320.0,320.0,450.0		25.3,36.5,52.3,63.4			61.1	65535	255																						400	320	320	450																				25.3	36.5	52.3	63.4																			
ft32-TSL-728-22	236479	3	108	968		2023-03-23T04:35:04Z	45.9568818956094	-150.419516125529	2023-03-23T04:18:56Z	45.9570316237001	-150.413033965502	4	0	400.0,310.0,400.0,360.0		25.3,34.9,42.8,73.0			67	65535	255																						400	310	400	360																				25.3	34.9	42.8	73																			
ft32-TSL-728-22	236479	2	100	904		2023-03-23T04:52:24Z	45.9567210307183	-150.426480447227	2023-03-23T04:37:20Z	45.9568608594313	-150.420426843492	4	0	370.0,290.0,370.0,350.0		22.2,33.3,47.6,73.0			69.4	65535	255																						370	290	370	350																				22.2	33.3	47.6	73																			
ft32-TSL-728-22	236479	2	108	904		2023-03-23T05:09:08Z	45.9565657342271	-150.433203713295	2023-03-23T04:54:04Z	45.9567055629403	-150.427150094494	4	0	205.0,320.0,550.0,390.0		12.6,19.0,46.0,68.2			57.6	65535	255																						205	320	550	390																				12.6	19	46	68.2																			
ft32-TSL-728-22	236479	2	124	936		2023-03-23T05:26:32Z	45.9564042506244	-150.440194856126	2023-03-23T05:10:56Z	45.9565490290268	-150.43392693414	4	0	360.0,475.0,525.0,500.0		19.0,28.5,42.8,61.9			63.5	65535	255																						360	475	525	500																				19	28.5	42.8	61.9																			
ft32-TSL-728-22	236479	4	124	840		2023-04-03T10:12:00Z	46.3837378888788	-153.195346683904	2023-04-03T09:58:00Z	46.3829671868241	-153.195648650191	4	0	425.0,450.0,575.0,380.0		26.9,34.9,44.4,69.8			54.5	65535	255																						425	450	575	380																				26.9	34.9	44.4	69.8																			
ft32-TSL-728-22	236479	4	124	904		2023-04-03T10:29:08Z	46.384681081351	-153.194977134689	2023-04-03T10:14:04Z	46.3838516591795	-153.195302107928	4	0	340.0,550.0,425.0,360.0		20.6,44.4,57.1,73.0			56	65535	255																						340	550	425	360																				20.6	44.4	57.1	73																			
ft32-TSL-728-22	236479	4	140	904		2023-04-03T10:46:16Z	46.3856242737762	-153.194607585477	2023-04-03T10:31:12Z	46.3847948516461	-153.194932558714	4	0	400.0,575.0,650.0,425.0		23.8,33.3,47.6,68.2			55.2	65535	255																						400	575	650	425																				23.8	33.3	47.6	68.2																			
ft32-TSL-728-22	236479	1	132	840		2023-04-03T12:42:40Z	46.3920321089688	-153.192096951606	2023-04-03T12:28:40Z	46.3912614072629	-153.192398917872	4	0	450.0,600.0,500.0,290.0		28.5,41.2,53.9,77.7			53.7	65535	255																						450	600	500	290																				28.5	41.2	53.9	77.7																			
ft32-TSL-728-22	236479	1	132	840		2023-04-03T12:58:52Z	46.3929239209003	-153.191747533501	2023-04-03T12:44:52Z	46.3921532192338	-153.192049499764	4	0	390.0,400.0,550.0,360.0		25.3,33.3,46.0,71.4			56	65535	255																						390	400	550	360																				25.3	33.3	46	71.4																			
ft32-TSL-728-22	236479	1	116	744		2023-04-03T13:13:28Z	46.3937276526017	-153.191432625829	2023-04-03T13:01:04Z	46.3930450311591	-153.19170008166	4	0	450.0,500.0,500.0,350.0		33.3,38.0,47.6,69.8			58.4	65535	255																						450	500	500	350																				33.3	38	47.6	69.8																			
ft32-TSL-728-22	236479	3	156	1064		2023-04-04T02:43:04Z	46.4382961589668	-153.173970352406	2023-04-04T02:25:20Z	46.4373199400117	-153.174352842817	4	0	475.0,600.0,500.0,525.0		23.8,36.5,50.7,66.6			63.1	65535	255																						475	600	500	525																				23.8	36.5	50.7	66.6																			
ft32-TSL-728-22	236479	3	148	1064		2023-04-04T03:03:24Z	46.4394155076683	-153.173531782581	2023-04-04T02:45:40Z	46.4384392888067	-153.173914272986	4	0	525.0,700.0,600.0,500.0		26.9,41.2,47.6,66.6			54.9	65535	255																						525	700	600	500																				26.9	41.2	47.6	66.6																			
ft32-TSL-728-22	236479	3	156	1128		2023-04-04T03:24:40Z	46.4405862361948	-153.173073081688	2023-04-04T03:05:52Z	46.4395512975035	-153.173478579029	4	0	550.0,675.0,550.0,500.0		25.3,39.6,47.6,68.2			59.2	65535	255																						550	675	550	500																				25.3	39.6	47.6	68.2																			
ft32-TSL-728-22	236479	1	140	904		2023-04-04T14:26:24Z	46.4770145459326	-153.158800154341	2023-04-04T14:11:20Z	46.4761851299418	-153.159125127209	4	0	525.0,400.0,120.0,115.0		33.3,58.7,84.1,92.0			54.9	65535	255																						525	400	120	115																				33.3	58.7	84.1	92																			
ft32-TSL-728-22	236479	1	156	840		2023-04-04T14:42:44Z	46.4779136915015	-153.15844786075	2023-04-04T14:28:44Z	46.477142995305	-153.158749826685	4	0	550.0,475.0,400.0,390.0		38.0,49.2,57.1,69.8			56	65535	255																						550	475	400	390																				38	49.2	57.1	69.8																			
ft32-TSL-728-22	236479	1	124	1032		2023-04-04T15:02:32Z	46.479003676011	-153.15802079465	2023-04-04T14:45:20Z	46.4780568207879	-153.158391781363	4	0	135.0,340.0,400.0,230.0		12.6,26.9,52.3,82.5			63.1	65535	255																						135	340	400	230																				12.6	26.9	52.3	82.5																			
ft32-TSL-728-22	236479	1	148	1288		2023-04-04T17:46:40Z	46.4880391653779	-153.154480603916	2023-04-04T17:25:12Z	46.4868574325279	-153.154943618269	4	0	525.0,600.0,500.0,525.0		22.2,41.2,50.7,71.4			67	65535	255																						525	600	500	525																				22.2	41.2	50.7	71.4																			
ft32-TSL-728-22	236479	1	148	1320		2023-04-04T18:11:08Z	46.4893860470315	-153.153952882599	2023-04-04T17:49:08Z	46.488174954546	-153.154427400404	4	0	575.0,600.0,525.0,525.0		22.2,31.7,41.2,71.4			69	65535	255																						575	600	525	525																				22.2	31.7	41.2	71.4																			
ft32-TSL-728-22	236479	1	156	1320		2023-04-04T18:35:36Z	46.4907329284735	-153.153425161295	2023-04-04T18:13:36Z	46.4895218361783	-153.153899679088	4	0	625.0,550.0,600.0,525.0		26.9,33.3,47.6,71.4			67	65535	255																						625	550	600	525																				26.9	33.3	47.6	71.4																			
ft32-TSL-728-22	236479	3	156	1128		2023-04-04T23:21:36Z	46.5064771122414	-153.147256430953	2023-04-04T23:02:48Z	46.5054421808228	-153.147661927856	4	0	370.0,360.0,650.0,380.0		17.4,22.2,47.6,77.7			58	65535	255																						370	360	650	380																				17.4	22.2	47.6	77.7																			
ft32-TSL-728-22	236479	3	140	1064		2023-04-04T23:41:56Z	46.5075964528068	-153.146817861617	2023-04-04T23:24:12Z	46.5066202410439	-153.147200351595	4	0	475.0,575.0,725.0,450.0		26.9,34.9,44.4,69.8			54.1	65535	255																						475	575	725	450																				26.9	34.9	44.4	69.8																			
ft32-TSL-728-22	236479	3	140	1128		2023-04-05T00:03:04Z	46.5087598328315	-153.146362037104	2023-04-04T23:44:16Z	46.507724901714	-153.146767533989	4	0	625.0,700.0,450.0,40.0		31.7,46.0,68.2,95.2			56	65535	255																						625	700	450	40																				31.7	46	68.2	95.2																			
ft32-TSL-728-22	236479	1	132	1128		2023-04-05T03:38:24Z	46.520613821114	-153.141717516647	2023-04-05T03:19:36Z	46.5195788916124	-153.142123013435	4	0	550.0,575.0,725.0,330.0		30.1,33.3,44.4,79.3			53.7	65535	255																						550	575	725	330																				30.1	33.3	44.4	79.3																			
ft32-TSL-728-22	236479	1	132	1096		2023-04-05T03:58:52Z	46.5217404995196	-153.141276071572	2023-04-05T03:40:36Z	46.5207349298759	-153.141670064896	4	0	550.0,525.0,575.0,425.0		33.3,42.8,49.2,71.4			62.7	65535	255																						550	525	575	425																				33.3	42.8	49.2	71.4																			
ft32-TSL-728-22	236479	1	140	1064		2023-04-05T04:18:48Z	46.522837818061	-153.140846129963	2023-04-05T04:01:04Z	46.521861608263	-153.141228619822	4	0	500.0,500.0,550.0,450.0		28.5,33.3,42.8,71.4			63.5	65535	255																						500	500	550	450																				28.5	33.3	42.8	71.4																			
ft32-TSL-728-22	236479	1	148	1192		2023-04-09T21:53:44Z	46.7575014160263	-151.363452530792	2023-04-09T21:33:52Z	46.7583639542779	-151.374403859531	4	0	650.0,750.0,600.0,500.0		31.7,41.2,52.3,69.8			54.9	65535	255																						650	750	600	500																				31.7	41.2	52.3	69.8																			
ft32-TSL-728-22	236479	1	156	1224		2023-04-09T22:16:36Z	46.7565086286269	-151.350847308083	2023-04-09T21:56:12Z	46.7573943223461	-151.362092792463	4	0	725.0,750.0,650.0,675.0		34.9,39.6,47.6,60.3			58.4	65535	255																						725	750	650	675																				34.9	39.6	47.6	60.3																			
ft32-TSL-728-22	236479	1	140	1192		2023-04-09T22:39:04Z	46.7555332076851	-151.33846240901	2023-04-09T22:19:12Z	46.756395746089	-151.34941404973	4	0	525.0,675.0,725.0,525.0		26.9,36.5,42.8,68.2			57.2	65535	255																						525	675	725	525																				26.9	36.5	42.8	68.2																			
ft32-TSL-728-22	236479	1	116	1448		2023-04-12T16:07:28Z	46.5849755740777	-149.171274223738	2023-04-12T15:43:20Z	46.5860233622662	-149.184591509059	4	0	120.0,185.0,400.0,165.0		7.9,15.8,61.9,88.8			57.6	65535	255																						120	185	400	165																				7.9	15.8	61.9	88.8																			
ft32-TSL-728-22	236479	1	132	1384		2023-04-12T16:32:28Z	46.5838901581541	-149.157478729239	2023-04-12T16:09:24Z	46.5848916352456	-149.170207370842	4	0	575.0,525.0,575.0,525.0		36.5,44.4,50.7,71.4			65.4	65535	255																						575	525	575	525																				36.5	44.4	50.7	71.4																			
ft32-TSL-728-22	236479	1	132	1352		2023-04-12T16:57:12Z	46.5828163200185	-149.143830424155	2023-04-12T16:34:40Z	46.5837946415536	-149.156264727523	4	0	370.0,600.0,550.0,550.0		17.4,34.9,39.6,69.8			66.2	65535	255																						370	600	550	550																				17.4	34.9	39.6	69.8																			
ft32-TSL-728-22	236479	1	140	1320		2023-04-12T19:53:12Z	46.5751749926364	-149.046711621921	2023-04-12T19:31:12Z	46.5761301584975	-149.058851345605	4	0	600.0,700.0,600.0,525.0		31.7,42.8,50.7,69.8			59.6	65535	255																						600	700	600	525																				31.7	42.8	50.7	69.8																			
ft32-TSL-728-22	236479	1	148	1256		2023-04-12T20:16:28Z	46.5741648323981	-149.033872987382	2023-04-12T19:55:32Z	46.5750736871674	-149.045424077763	4	0	700.0,750.0,575.0,525.0		36.5,46.0,58.7,66.6			55.6	65535	255																						700	750	575	525																				36.5	46	58.7	66.6																			
ft32-TSL-728-22	236479	1	124	1320		2023-04-12T20:40:56Z	46.5731025722288	-149.020372237308	2023-04-12T20:18:56Z	46.5740577380475	-149.032511874038	4	0	400.0,725.0,625.0,600.0		23.8,41.2,49.2,66.6			57.2	65535	255																						400	725	625	600																				23.8	41.2	49.2	66.6																			
ft32-TSL-728-22	236479	1	204	1160		2023-04-13T09:10:16Z	46.5405690612048	-148.606920982557	2023-04-13T08:50:56Z	46.5414084484744	-148.617587353707	4	0	575.0,525.0,600.0,575.0		34.9,49.2,57.1,66.6			60	65535	255																						575	525	600	575																				34.9	49.2	57.1	66.6																			
ft32-TSL-728-22	236479	1	180	1192		2023-04-13T09:33:32Z	46.5395589020818	-148.594084637445	2023-04-13T09:13:40Z	46.540421444826	-148.605045178738	4	0	600.0,500.0,550.0,475.0		39.6,50.7,58.7,69.8			58.8	65535	255																						600	500	550	475																				39.6	50.7	58.7	69.8																			
ft32-TSL-728-22	236479	1	156	1128		2023-04-13T09:55:20Z	46.5386124206509	-148.582057541444	2023-04-13T09:36:32Z	46.5394286523414	-148.592429527802	4	0	575.0,500.0,600.0,390.0		36.5,46.0,55.5,74.6			60.3	65535	255																						575	500	600	390																				36.5	46	55.5	74.6																			
ft32-TSL-728-22	236479	1	148	1320		2023-04-17T17:18:32Z	46.1642959015533	-144.992968159197	2023-04-17T16:56:32Z	46.1713927211053	-144.985421113514	4	0	775.0,750.0,675.0,525.0		38.0,46.0,50.7,69.8			57.6	65535	255																						775	750	675	525																				38	46	50.7	69.8																			
ft32-TSL-728-22	236479	1	140	1224		2023-04-17T17:41:24Z	46.1569195109319	-145.000812512006	2023-04-17T17:21:00Z	46.1635001975746	-144.993814343068	4	0	750.0,800.0,525.0,280.0		38.0,42.8,69.8,85.7			54.9	65535	255																						750	800	525	280																				38	42.8	69.8	85.7																			
ft32-TSL-728-22	236479	1	140	1256		2023-04-17T18:04:40Z	46.1494140881259	-145.008794082748	2023-04-17T17:43:44Z	46.1561668180558	-145.001612956117	4	0	750.0,700.0,525.0,250.0		41.2,52.3,68.2,85.7			56.4	65535	255																						750	700	525	250																				41.2	52.3	68.2	85.7																			
ft32-TSL-728-22	236479	6	140	1032		2023-04-18T05:18:00Z	46.1316946245177	-144.600197997856	2023-04-18T05:00:48Z	46.1296925630052	-144.61100189669	4	0	145.0,260.0,550.0,475.0		9.5,28.5,53.9,68.2			52.9	65535	255																						145	260	550	475																				9.5	28.5	53.9	68.2																			
ft32-TSL-728-22	236479	6	132	1000		2023-04-18T05:37:00Z	46.1339062040873	-144.588263459708	2023-04-18T05:20:20Z	46.1319662220092	-144.59873235273	4	0	575.0,525.0,575.0,400.0		39.6,46.0,52.3,71.4			58.4	65535	255																						575	525	575	400																				39.6	46	52.3	71.4																			
ft32-TSL-728-22	236479	6	132	968		2023-04-18T05:55:20Z	46.1360401843599	-144.576747679481	2023-04-18T05:39:12Z	46.1341622817209	-144.586881565948	4	0	475.0,575.0,525.0,425.0		31.7,41.2,52.3,69.8			58.8	65535	255																						475	575	525	425																				31.7	41.2	52.3	69.8																			
ft32-TSL-728-22	236479	3	148	1320		2023-04-18T18:17:52Z	45.9622064984774	-144.092963866252	2023-04-18T17:55:52Z	45.9663373371874	-144.107733495381	4	0	425.0,725.0,750.0,525.0		26.9,41.2,44.4,69.8			56	65535	255																						425	725	750	525																				26.9	41.2	44.4	69.8																			
ft32-TSL-728-22	236479	3	148	1352		2023-04-18T18:42:52Z	45.9575123566341	-144.076179878964	2023-04-18T18:20:20Z	45.9617433434765	-144.091307861166	4	0	575.0,750.0,550.0,500.0		30.1,46.0,65.0,71.4			55.6	65535	255																						575	750	550	500																				30.1	46	65	71.4																			
ft32-TSL-728-22	236479	3	148	1352		2023-04-18T19:07:52Z	45.9528182074623	-144.059395556322	2023-04-18T18:45:20Z	45.9570492009073	-144.074523840662	4	0	675.0,600.0,650.0,575.0		34.9,46.0,52.3,66.6			62.7	65535	255																						675	600	650	575																				34.9	46	52.3	66.6																			
ft32-TSL-728-22	236479	7	140	1160		2023-04-25T07:06:24Z	44.1217543804256	-137.993497734387	2023-04-25T06:47:04Z	44.1259245810215	-138.00730835749	4	0	300.0,360.0,370.0,330.0		20.6,31.7,52.3,69.8			67.8	65535	255																						300	360	370	330																				20.6	31.7	52.3	69.8																			
ft32-TSL-728-22	236479	7	140	1160		2023-04-25T07:28:04Z	44.117080873631	-137.978020089237	2023-04-25T07:08:44Z	44.121251080004	-137.991830922336	4	0	340.0,390.0,370.0,330.0		20.6,34.9,60.3,76.1			69.8	65535	255																						340	390	370	330																				20.6	34.9	60.3	76.1																			
ft32-TSL-728-22	236479	7	140	1096		2023-04-25T07:48:40Z	44.1126374412202	-137.963304204161	2023-04-25T07:30:24Z	44.1165775725155	-137.976353251964	4	0	260.0,370.0,370.0,320.0		17.4,36.5,60.3,74.6			69.8	65535	255																						260	370	370	320																				17.4	36.5	60.3	74.6																			
ft32-TSL-728-22	236479	5	140	1096		2023-04-25T09:14:40Z	44.0940871279517	-137.901866721737	2023-04-25T08:56:24Z	44.0980272801931	-137.914916530979	4	0	310.0,380.0,550.0,340.0		20.6,36.5,50.7,74.6			55.6	65535	255																						310	380	550	340																				20.6	36.5	50.7	74.6																			
ft32-TSL-728-22	236479	5	124	1000		2023-04-25T09:33:40Z	44.0899887898088	-137.888292847553	2023-04-25T09:17:00Z	44.0935838235197	-137.900199763901	4	0	330.0,320.0,380.0,360.0		23.8,47.6,57.1,65.0			65.8	65535	255																						330	320	380	360																				23.8	47.6	57.1	65																			
ft32-TSL-728-22	236479	5	124	1032		2023-04-25T09:52:56Z	44.0858329263758	-137.874528289994	2023-04-25T09:35:44Z	44.0895430053784	-137.886816380827	4	0	290.0,350.0,380.0,350.0		20.6,33.3,58.7,71.4			66.6	65535	255																						290	350	380	350																				20.6	33.3	58.7	71.4																			
ft32-TSL-728-22	236479	1	108	1000		2023-04-25T14:19:44Z	44.0282830964388	-137.683903092137	2023-04-25T14:03:04Z	44.0318781877218	-137.695812101855	4	0	170.0,205.0,185.0,80.0		20.6,39.6,74.6,92.0			74.5	65535	255																						170	205	185	80																				20.6	39.6	74.6	92																			
ft32-TSL-728-22	236479	1	108	1000		2023-04-25T14:38:12Z	44.0242997316814	-137.670707777874	2023-04-25T14:21:32Z	44.0278948263944	-137.68261691233	4	0	195.0,240.0,205.0,130.0		20.6,44.4,76.1,87.3			73.3	65535	255																						195	240	205	130																				20.6	44.4	76.1	87.3																			
ft32-TSL-728-22	236479	1	116	1000		2023-04-25T14:56:40Z	44.0203163631603	-137.65751232673	2023-04-25T14:40:00Z	44.0239114612685	-137.669421584663	4	0	175.0,220.0,190.0,100.0		25.3,55.5,77.7,90.4			72.1	65535	255																						175	220	190	100																				25.3	55.5	77.7	90.4																			
ft32-TSL-728-22	236479	1	140	1352		2023-04-26T09:02:24Z	43.7861120583761	-136.881505238472	2023-04-26T08:39:52Z	43.7909728180284	-136.897613358993	4	0	360.0,500.0,500.0,425.0		17.4,36.5,52.3,74.6			67	65535	255																						360	500	500	425																				17.4	36.5	52.3	74.6																			
ft32-TSL-728-22	236479	1	140	1256		2023-04-26T09:25:40Z	43.7810931060385	-136.864872806106	2023-04-26T09:04:44Z	43.7856087251505	-136.879837233258	4	0	400.0,525.0,500.0,350.0		19.0,34.9,61.9,79.3			68.2	65535	255																						400	525	500	350																				19	34.9	61.9	79.3																			
ft32-TSL-728-22	236479	1	140	1128		2023-04-26T09:46:48Z	43.7765343422275	-136.849765339702	2023-04-26T09:28:00Z	43.7805897725846	-136.86320479258	4	0	390.0,340.0,370.0,330.0		25.3,36.5,53.9,74.6			69.4	65535	255																						390	340	370	330																				25.3	36.5	53.9	74.6																			
ft32-TSL-728-22	236479	2	180	1288		2023-04-27T05:20:00Z	43.5234570697339	-136.011044030043	2023-04-27T04:58:32Z	43.5280877507141	-136.026390235058	4	0	350.0,500.0,550.0,360.0		25.3,31.7,41.2,71.4			56.4	65535	255																						350	500	550	360																				25.3	31.7	41.2	71.4																			
ft32-TSL-728-22	236479	2	180	1256		2023-04-27T05:43:56Z	43.518294293591	-135.993934503828	2023-04-27T05:23:00Z	43.522809924991	-136.008899378235	4	0	500.0,500.0,500.0,425.0		36.5,42.8,53.9,69.8			61.1	65535	255																						500	500	500	425																				36.5	42.8	53.9	69.8																			
ft32-TSL-728-22	236479	2	180	1224		2023-04-27T06:07:20Z	43.5132465672153	-135.977206315035	2023-04-27T05:46:56Z	43.517647149081	-135.991789860495	4	0	340.0,500.0,425.0,400.0		20.6,38.0,47.6,63.4			59.2	65535	255																						340	500	425	400																				20.6	38	47.6	63.4																			
ft32-TSL-728-22	236479	3	540	1096		2023-04-27T12:01:12Z	43.4369125644284	-135.724244180088	2023-04-27T11:42:56Z	43.4408529257247	-135.737301593373	4	0	225.0,300.0,95.0,110.0		15.8,38.0,77.7,87.3			59.2	65535	255																						225	300	95	110																				15.8	38	77.7	87.3																			
ft32-TSL-728-22	236479	3	108	1256		2023-05-08T02:52:32Z	38.5113701752282	-124.645470873229	2023-05-08T02:31:36Z	38.5193968024606	-124.658744109156	4	0	370.0,400.0,330.0,160.0		28.5,39.6,68.2,87.3			66.2	65535	255																						370	400	330	160																				28.5	39.6	68.2	87.3																			
ft32-TSL-728-22	236479	3	108	1192		2023-05-08T03:14:12Z	38.5030623948997	-124.631732807315	2023-05-08T02:54:20Z	38.5106799890603	-124.644329550919	4	0	350.0,425.0,290.0,145.0		31.7,44.4,71.4,88.8			58.8	65535	255																						350	425	290	145																				31.7	44.4	71.4	88.8																			
ft32-TSL-728-22	236479	3	92	1096		2023-05-08T03:34:16Z	38.4953681437818	-124.619009387612	2023-05-08T03:16:00Z	38.5023722116612	-124.630591498257	4	0	300.0,280.0,320.0,165.0		28.5,52.3,58.7,84.1			65.4	65535	255																						300	280	320	165																				28.5	52.3	58.7	84.1																			
ft32-TSL-728-22	236479	3	92	936		2023-05-08T03:51:52Z	38.4886197228477	-124.607850090435	2023-05-08T03:36:16Z	38.4946012765753	-124.617741280271	4	0	115.0,220.0,230.0,150.0		11.1,28.5,44.4,76.1			65.8	65535	255																						115	220	230	150																				11.1	28.5	44.4	76.1																			
ft32-TSL-728-22	236479	3	84	744		2023-05-08T04:05:48Z	38.4832772397919	-124.599015723058	2023-05-08T03:53:24Z	38.4880317933591	-124.606877884019	4	0	105.0,125.0,105.0,65.0		14.2,22.2,65.0,87.3			71.3	65535	255																						105	125	105	65																				14.2	22.2	65	87.3																			
ft32-TSL-728-22	236479	3	84	872		2023-05-08T04:21:44Z	38.4771679115196	-124.58891334781	2023-05-08T04:07:12Z	38.4827404361017	-124.598128063093	4	0	180.0,225.0,180.0,100.0		26.9,41.2,71.4,87.3			65.4	65535	255																						180	225	180	100																				26.9	41.2	71.4	87.3																			
ft32-TSL-728-22	236479	3	100	840		2023-05-08T04:37:36Z	38.47108416491	-124.578853330662	2023-05-08T04:23:36Z	38.4764521756054	-124.587729811772	4	0	160.0,225.0,190.0,80.0		25.3,46.0,68.2,88.8			62.3	65535	255																						160	225	190	80																				25.3	46	68.2	88.8																			
ft32-TSL-728-22	236479	3	100	872		2023-05-08T04:53:48Z	38.4648726288403	-124.568582060631	2023-05-08T04:39:16Z	38.4704451170383	-124.577796611337	4	0	190.0,240.0,215.0,90.0		22.2,34.9,66.6,88.8			65.8	65535	255																						190	240	215	90																				22.2	34.9	66.6	88.8																			
ft32-TSL-728-22	236479	3	100	936		2023-05-08T05:11:04Z	38.458252125533	-124.557634596077	2023-05-08T04:55:28Z	38.4642335830914	-124.567525350908	4	0	260.0,300.0,270.0,195.0		28.5,44.4,60.3,77.7			62.3	65535	255																						260	300	270	195																				28.5	44.4	60.3	77.7																			
ft32-TSL-728-22	236479	3	100	872		2023-05-08T05:27:36Z	38.4519128241037	-124.547152182174	2023-05-08T05:13:04Z	38.4574852733957	-124.556366556899	4	0	185.0,230.0,205.0,200.0		25.3,39.6,47.6,68.2			64.3	65535	255																						185	230	205	200																				25.3	39.6	47.6	68.2																			
ft32-TSL-728-22	236479	3	108	872		2023-05-08T05:43:48Z	38.4457013523895	-124.536881203234	2023-05-08T05:29:16Z	38.4512737828322	-124.546095492702	4	0	95.0,135.0,195.0,115.0		11.1,19.0,47.6,80.9			65.8	65535	255																						95	135	195	115																				11.1	19	47.6	80.9																			
ft32-TSL-728-22	236479	3	100	904		2023-05-08T06:00:40Z	38.4392342870301	-124.52618765192	2023-05-08T05:45:36Z	38.4450111901685	-124.535739989245	4	0	155.0,225.0,160.0,90.0		19.0,36.5,77.7,88.8			66.6	65535	255																						155	225	160	90																				19	36.5	77.7	88.8																			
ft32-TSL-728-22	236479	1	116	1416		2023-05-08T08:46:20Z	38.3757151549271	-124.421159820732	2023-05-08T08:22:44Z	38.3847636136713	-124.43612088983	4	0	320.0,320.0,390.0,240.0		15.8,55.5,65.0,80.9			67.8	65535	255																						320	320	390	240																				15.8	55.5	65	80.9																			
ft32-TSL-728-22	236479	1	56	1192		2023-05-08T09:08:08Z	38.3673568758353	-124.407340044447	2023-05-08T08:48:16Z	38.3749738991449	-124.419934206094	4	0	120.0,310.0,380.0,205.0		6.3,25.3,60.3,82.5			64.7	65535	255																						120	310	380	205																				6.3	25.3	60.3	82.5																			
ft32-TSL-728-22	236479	1	116	680		2023-05-08T09:20:24Z	38.3626537645959	-124.399563861562	2023-05-08T09:09:04Z	38.3669990299508	-124.406748376259	4	0	140.0,180.0,140.0,90.0		17.4,36.5,74.6,87.3			70.1	65535	255																						140	180	140	90																				17.4	36.5	74.6	87.3																			
ft32-TSL-728-22	236479	2	124	1192		2023-05-08T11:42:00Z	38.3083644772132	-124.309804072448	2023-05-08T11:22:08Z	38.3159812257257	-124.322396991428	4	0	230.0,300.0,160.0,220.0		20.6,44.4,76.1,82.5			66.2	65535	255																						230	300	160	220																				20.6	44.4	76.1	82.5																			
ft32-TSL-728-22	236479	2	116	1128		2023-05-08T12:02:52Z	38.3003643747951	-124.29657746021	2023-05-08T11:44:04Z	38.3075721329918	-124.308494080307	4	0	240.0,300.0,225.0,140.0		22.2,34.9,74.6,85.7			67.4	65535	255																						240	300	225	140																				22.2	34.9	74.6	85.7																			
ft32-TSL-728-22	236479	2	116	1352		2023-05-08T12:27:20Z	38.290984114941	-124.281069175228	2023-05-08T12:04:48Z	38.2996231533064	-124.29535200065	4	0	230.0,320.0,60.0,85.0		17.4,38.0,84.1,92.0			60.3	65535	255																						230	320	60	85																				17.4	38	84.1	92																			
ft32-TSL-728-22	236479	5	148	1480		2023-05-08T16:29:36Z	38.1981047824221	-124.127521732831	2023-05-08T16:04:56Z	38.2075611337727	-124.143154137411	4	0	205.0,310.0,230.0,160.0		11.1,31.7,80.9,88.8			72.1	65535	255																						205	310	230	160																				11.1	31.7	80.9	88.8																			
ft32-TSL-728-22	236479	5	148	1816		2023-05-08T17:02:20Z	38.1855560452068	-124.106777546167	2023-05-08T16:32:04Z	38.1971591507166	-124.125958507877	4	0	250.0,425.0,230.0,135.0		12.6,38.0,84.1,92.0			64.7	65535	255																						250	425	230	135																				12.6	38	84.1	92																			
ft32-TSL-728-22	236479	5	140	1816		2023-05-08T17:35:04Z	38.1730074192754	-124.086033862564	2023-05-08T17:04:48Z	38.1846104218454	-124.105214358933	4	0	240.0,400.0,260.0,85.0		11.1,38.0,76.1,95.2			66.6	65535	255																						240	400	260	85																				11.1	38	76.1	95.2																			
ft32-TSL-728-22	236479	5	140	1944		2023-05-08T18:10:24Z	38.1594621855877	-124.063643084493	2023-05-08T17:38:00Z	38.1718829042993	-124.084174982872	4	0	270.0,370.0,170.0,60.0		14.2,52.3,84.1,90.4			65.8	65535	255																						270	370	170	60																				14.2	52.3	84.1	90.4																			
ft32-TSL-728-22	236479	5	140	1512		2023-05-08T18:37:56Z	38.1489072179594	-124.046195591392	2023-05-08T18:12:44Z	38.1585676936735	-124.062164469225	4	0	200.0,280.0,300.0,200.0		11.1,20.6,57.1,85.7			76.8	65535	255																						200	280	300	200																				11.1	20.6	57.1	85.7																			
ft32-TSL-728-22	236479	5	132	1816		2023-05-08T19:10:32Z	38.1364100369034	-124.025537896523	2023-05-08T18:40:16Z	38.1480127329004	-124.04471700711	4	0	270.0,280.0,400.0,195.0		15.8,41.2,66.6,88.8			63.9	65535	255																						270	280	400	195																				15.8	41.2	66.6	88.8																			
ft32-TSL-728-22	236479	5	132	1480		2023-05-08T19:38:00Z	38.1258808038763	-124.008133452734	2023-05-08T19:13:20Z	38.1353366647376	-124.023763640156	4	0	200.0,260.0,300.0,230.0		11.1,17.4,39.6,79.3			74.9	65535	255																						200	260	300	230																				11.1	17.4	39.6	79.3																			
ft32-TSL-728-22	236479	5	124	1512		2023-05-08T20:05:24Z	38.1153772093198	-123.990771623728	2023-05-08T19:40:12Z	38.1250374465325	-124.006739423543	4	0	260.0,300.0,220.0,160.0		17.4,52.3,82.5,90.4			75.6	65535	255																						260	300	220	160																				17.4	52.3	82.5	90.4																			
ft32-TSL-728-22	236479	5	140	1880		2023-05-08T20:38:48Z	38.1025736694583	-123.969608440098	2023-05-08T20:07:28Z	38.1145849707393	-123.989462109163	4	0	185.0,260.0,400.0,230.0		7.9,15.8,58.7,87.3			65	65535	255																						185	260	400	230																				7.9	15.8	58.7	87.3																			
ft32-TSL-728-22	236479	3	148	1560		2023-05-08T21:07:12Z	38.0916869247861	-123.951613838864	2023-05-08T20:41:12Z	38.1016536593834	-123.96808775383	4	0	250.0,300.0,220.0,165.0		15.8,39.6,82.5,88.8			75.6	65535	255																						250	300	220	165																				15.8	39.6	82.5	88.8																			
ft32-TSL-728-22	236479	3	164	1944		2023-05-08T21:42:04Z	38.0783213973549	-123.929522435296	2023-05-08T21:09:40Z	38.0907413667175	-123.950050946751	4	0	250.0,450.0,290.0,240.0		11.1,46.0,69.8,82.5			61.9	65535	255																						250	450	290	240																				11.1	46	69.8	82.5																			
ft32-TSL-728-22	236479	3	140	1512		2023-05-08T22:10:00Z	38.0676137415459	-123.911824417959	2023-05-08T21:44:48Z	38.0772736275928	-123.927790630684	4	0	230.0,300.0,240.0,170.0		12.6,28.5,74.6,87.3			75.2	65535	255																						230	300	240	170																				12.6	28.5	74.6	87.3																			
ft32-TSL-728-22	236479	4	148	1816		2023-05-08T22:42:32Z	38.0551428850693	-123.891212438752	2023-05-08T22:12:16Z	38.06674486646	-123.910388319644	4	0	400.0,525.0,400.0,180.0		20.6,36.5,63.4,88.8			62.7	65535	255																						400	525	400	180																				20.6	36.5	63.4	88.8																			
ft32-TSL-728-22	236479	4	156	2136		2023-05-08T23:20:36Z	38.0405511161062	-123.867095435443	2023-05-08T22:45:00Z	38.0541973537919	-123.889649667714	4	0	450.0,525.0,145.0,220.0		22.2,31.7,74.6,84.1			55.6	65535	255																						450	525	145	220																				22.2	31.7	74.6	84.1																			
ft32-TSL-728-22	236479	4	148	1688		2023-05-08T23:51:20Z	38.028770494358	-123.847624997497	2023-05-08T23:23:12Z	38.0395544865524	-123.865448242364	4	0	225.0,475.0,400.0,155.0		11.1,38.0,61.9,90.4			63.1	65535	255																						225	475	400	155																				11.1	38	61.9	90.4																			
ft32-TSL-728-22	236479	1	148	1816		2023-05-09T01:47:44Z	37.984153365561	-123.773886896462	2023-05-09T01:17:28Z	37.9957546845386	-123.793059784165	4	0	215.0,475.0,500.0,155.0		9.5,34.9,42.8,90.4			61.1	65535	255																						215	475	500	155																				9.5	34.9	42.8	90.4																			
ft32-TSL-728-22	236479	1	148	1560		2023-05-09T02:16:12Z	37.9732420947245	-123.755854706779	2023-05-09T01:50:12Z	37.9832078885249	-123.772324370515	4	0	220.0,260.0,250.0,130.0		12.6,34.9,53.9,90.4			74.9	65535	255																						220	260	250	130																				12.6	34.9	53.9	90.4																			
ft32-TSL-728-22	236479	1	148	1752		2023-05-09T02:47:52Z	37.9611043811606	-123.735796007942	2023-05-09T02:18:40Z	37.9722966262827	-123.754292219662	4	0	205.0,400.0,475.0,230.0		9.5,30.1,44.4,80.9			60.7	65535	255																						205	400	475	230																				9.5	30.1	44.4	80.9																			
ft32-TSL-728-22	236479	1	140	1816		2023-05-09T22:03:44Z	37.5181589131603	-123.004056194462	2023-05-09T21:33:28Z	37.52975500026	-123.023205462138	4	0	450.0,550.0,280.0,135.0		20.6,31.7,79.3,93.6			61.9	65535	255																						450	550	280	135																				20.6	31.7	79.3	93.6																			
ft32-TSL-728-22	236479	1	124	1480		2023-05-09T22:30:44Z	37.5078145124641	-122.986974267898	2023-05-09T22:06:04Z	37.5172649478927	-123.002579957323	4	0	225.0,340.0,250.0,165.0		9.5,25.3,77.7,90.4			73.3	65535	255																						225	340	250	165																				9.5	25.3	77.7	90.4																			
ft32-TSL-728-22	236479	1	132	1560		2023-05-09T22:58:48Z	37.4970615711249	-122.96921807284	2023-05-09T22:32:48Z	37.5070227237593	-122.985666784641	4	0	200.0,370.0,260.0,165.0		7.9,23.8,76.1,90.4			69.4	65535	255																						200	370	260	165																				7.9	23.8	76.1	90.4																			
ft32-TSL-728-22	236479	1	56	1624		2023-05-09T23:29:08Z	37.4854403676921	-122.950028546458	2023-05-09T23:02:04Z	37.4958100495826	-122.967151475414	4	0	200.0,600.0,450.0,170.0		7.9,39.6,60.3,92.0			58.4	65535	255																						200	600	450	170																				7.9	39.6	60.3	92																			
ft32-TSL-728-22	236479	1	140	808		2023-05-09T23:43:32Z	37.4799235422279	-122.940919034712	2023-05-09T23:30:04Z	37.4850827946246	-122.94943811042	4	0	190.0,300.0,310.0,170.0		14.2,34.9,42.8,82.5			65.4	65535	255																						190	300	310	170																				14.2	34.9	42.8	82.5																			
ft32-TSL-728-22	236479	1	140	1816		2023-05-10T00:16:08Z	37.4674341903544	-122.920296689589	2023-05-09T23:45:52Z	37.4790296154309	-122.939442971101	4	0	330.0,500.0,475.0,225.0		14.2,39.6,60.3,87.3			67.8	65535	255																						330	500	475	225																				14.2	39.6	60.3	87.3																			
