REF	PTT	END_DATE	MAX_DBAR	CNT	NUM	N_TEMP	N_PHOTO	TEMP_DBAR	TEMP_VALS	N_COND	COND_DBAR	COND_VALS	N_SAL	SAL_DBAR	SAL_VALS	N_FLUORO	FLUORO_DBAR	FLUORO_VALS	N_OXY	OXY_DBAR	OXY_VALS	PHOTO_DBAR	PHOTO_VALS	QC_PROFILE	QC_TEMP	QC_SAL	SAL_CORRECTED_VALS	CREATED	MODIFIED	LON	LAT
gp24-425-20	210337	2021-02-19T05:57:00Z	54		0	15		2,10,14,16,18,20,22,26,30,34,36,40,44,50,54	11.104,10.918,10.880,10.865,10.811,10.690,10.603,10.525,10.432,10.340,10.272,10.219,10.136,9.864,9.912															0	0,0,0,0,0,0,0,0,0,0,0,0,0,0,0			2021-05-22T19:54:28Z	2021-05-26T06:30:02Z	-122.357090906551	37.1290896372005
gp24-425-20	210337	2021-02-19T21:23:00Z	382		0	14		2,10,20,30,42,50,98,100,150,200,264,278,300,382	11.996,11.769,11.713,11.692,11.651,10.966,9.971,9.935,9.286,8.601,7.529,7.952,7.833,6.901															0	0,0,0,0,0,0,0,0,0,0,0,0,0,0			2021-05-22T19:54:28Z	2021-05-26T06:30:02Z	-122.660394915133	36.9376823595466
gp24-425-20	210337	2021-02-20T10:58:12Z	400		0	14		2,10,20,30,42,50,56,98,100,150,200,226,300,400	11.779,11.802,11.757,10.208,10.388,9.301,10.276,9.369,8.749,8.423,6.919,7.781,6.187,6.170															0	0,0,0,0,0,0,0,0,0,0,0,0,0,0			2021-05-22T19:54:28Z	2021-05-26T06:30:02Z	-123.403297278235	36.5948033872997
gp24-425-20	210337	2021-02-20T20:31:36Z	454		0	15		2,10,20,50,62,82,98,100,150,200,300,326,344,400,454	11.696,11.672,11.672,11.576,11.366,9.766,9.388,9.340,8.447,8.100,7.111,7.087,6.403,5.702,5.936															0	0,0,0,0,0,0,0,0,0,0,0,0,0,0,0			2021-05-22T19:54:28Z	2021-05-26T06:30:02Z	-123.875652877971	36.6676145544367
gp24-425-20	210337	2021-02-21T09:11:36Z	218		0	15		2,10,20,30,42,50,54,75,98,100,110,126,150,200,218	12.132,12.116,12.116,12.100,11.928,11.236,10.925,10.625,10.153,10.045,9.573,9.197,8.918,8.306,8.134															0	0,0,0,0,0,0,0,0,0,0,0,0,0,0,0			2021-05-22T19:54:28Z	2021-05-26T06:30:02Z	-124.207142377578	36.7217799179345
gp24-425-20	210337	2021-02-21T10:00:00Z	356		0	15		2,10,20,30,40,50,70,98,100,118,150,200,300,334,356	12.112,12.112,12.089,12.067,11.864,11.045,10.204,9.808,9.741,9.255,8.832,8.103,6.664,6.466,6.528															0	0,0,0,0,0,0,0,0,0,0,0,0,0,0,0			2021-05-22T19:54:28Z	2021-05-26T06:30:02Z	-124.223002960489	36.7291318330832
gp24-425-20	210337	2021-02-21T21:22:12Z	468		0	15		2,10,20,40,50,70,98,100,150,200,300,342,352,400,468	11.686,11.662,11.662,11.515,10.844,9.910,9.434,9.409,8.475,7.828,6.607,6.607,6.754,6.247,5.582															0	0,0,0,0,0,0,0,0,0,0,0,0,0,0,0			2021-05-22T19:54:28Z	2021-05-26T06:30:02Z	-124.76231026373	36.8291933766264
gp24-425-20	210337	2021-02-22T03:19:48Z	204		0	15		2,10,20,30,42,50,58,64,75,82,98,100,150,200,204	11.975,11.992,11.992,11.975,11.942,11.629,10.714,10.400,10.058,9.878,9.255,9.172,8.449,7.860,7.814															0	0,0,0,0,0,0,0,0,0,0,0,0,0,0,0			2021-05-22T19:54:28Z	2021-05-26T06:30:02Z	-124.747563966682	36.8989562278645
gp24-425-20	210337	2021-02-22T15:37:12Z	512		0	15		2,10,20,34,50,54,72,98,100,200,254,300,400,500,512	11.768,11.768,11.768,11.714,11.059,11.086,9.982,9.166,9.113,7.802,7.093,6.752,5.862,5.080,5.080															0	0,0,0,0,0,0,0,0,0,0,0,0,0,0,0			2021-05-22T19:54:28Z	2021-05-26T06:30:02Z	-125.455134612649	37.2307452588172
gp24-425-20	210337	2021-02-22T20:30:12Z	464		0	15		2,10,20,50,64,92,98,100,128,150,200,300,400,462,464	11.485,11.510,11.510,11.312,10.438,9.441,9.367,9.342,9.008,8.568,7.936,6.598,5.700,5.316,5.316															0	0,0,0,0,0,0,0,0,0,0,0,0,0,0,0			2021-05-22T19:54:28Z	2021-05-26T06:30:02Z	-125.687382642764	37.2653882403546
gp24-425-20	210337	2021-02-23T03:26:24Z	394		0	15		2,10,20,30,50,80,98,100,122,150,200,240,300,376,394	11.555,11.576,11.555,11.533,11.321,10.842,10.219,10.134,9.383,9.027,8.362,7.920,6.792,6.254,6.355															0	0,0,0,0,0,0,0,0,0,0,0,0,0,0,0			2021-05-22T19:54:28Z	2021-05-26T06:30:02Z	-125.87937852943	37.2870076470665
gp24-425-20	210337	2021-02-23T20:11:12Z	512		0	15		2,10,20,50,70,82,98,100,122,160,200,300,400,500,512	12.492,12.492,12.492,12.434,12.260,10.812,9.878,9.820,9.393,9.198,8.713,7.489,6.244,5.303,5.252															0	0,0,0,0,0,0,0,0,0,0,0,0,0,0,0			2021-05-22T19:54:28Z	2021-05-26T06:30:02Z	-126.632979706698	37.4276008947547
gp24-425-20	210337	2021-02-24T02:11:12Z	480		0	15		2,10,20,50,82,90,98,100,114,150,200,300,346,400,480	12.918,12.918,12.918,12.918,12.974,12.506,11.383,11.166,10.454,9.547,8.758,7.334,6.783,6.755,5.994															0	0,0,0,0,0,0,0,0,0,0,0,0,0,0,0			2021-05-22T19:54:28Z	2021-05-26T06:30:02Z	-126.940283437424	37.4619042968698
gp24-425-20	210337	2021-02-24T15:13:36Z	260		0	15		2,10,20,30,50,75,84,86,92,98,100,120,150,200,260	12.790,12.790,12.790,12.808,12.808,12.808,12.698,12.537,11.473,10.974,10.864,10.199,9.786,8.759,8.222															0	0,0,0,0,0,0,0,0,0,0,0,0,0,0,0			2021-05-22T19:54:28Z	2021-05-26T06:30:02Z	-127.371028467312	37.6407219439154
gp24-425-20	210337	2021-02-24T20:23:24Z	556		0	15		2,10,20,50,86,94,98,100,128,200,300,400,472,500,556	12.952,12.952,12.922,12.922,12.680,11.462,11.288,11.107,10.071,8.793,7.643,6.539,5.715,5.715,5.390															0	0,0,0,0,0,0,0,0,0,0,0,0,0,0,0			2021-05-22T19:54:28Z	2021-05-26T06:30:02Z	-127.647118402194	37.7385394265866
gp24-425-20	210337	2021-02-25T08:24:00Z	550		0	15		2,10,20,50,62,84,98,100,128,200,300,400,500,546,550	12.672,12.702,12.702,12.702,12.429,10.355,10.499,10.499,9.431,8.598,7.235,6.311,5.425,5.130,5.130															0	0,0,0,0,0,0,0,0,0,0,0,0,0,0,0			2021-05-22T19:54:28Z	2021-05-26T06:30:02Z	-128.071963463505	37.8689776416566
gp24-425-20	210337	2021-02-25T15:03:36Z	168		0	15		2,10,20,30,44,50,54,56,68,75,98,100,125,150,168	12.782,12.798,12.782,12.782,12.699,12.456,11.810,11.633,11.180,10.826,9.970,9.937,9.456,9.020,8.682															0	0,0,0,0,0,0,0,0,0,0,0,0,0,0,0			2021-05-22T19:54:28Z	2021-05-26T06:30:02Z	-128.369204260527	37.9490733095795
gp24-425-20	210337	2021-02-25T19:54:36Z	746		0	15		2,10,20,50,70,88,98,100,134,200,300,436,500,700,746	13.274,13.239,13.239,13.239,12.927,10.888,10.341,10.176,9.083,8.475,7.008,5.308,5.169,4.657,4.596															0	0,0,0,0,0,0,0,0,0,0,0,0,0,0,0			2021-05-22T19:54:28Z	2021-05-26T06:30:02Z	-128.483013244469	38.0390666753768
gp24-425-20	210337	2021-02-26T11:33:00Z	766		0	15		2,10,20,50,76,80,90,98,100,144,200,300,500,700,766	12.290,12.290,12.290,12.290,12.098,11.905,10.559,10.151,10.087,8.957,8.356,7.162,5.279,4.398,4.278															0	0,0,0,0,0,0,0,0,0,0,0,0,0,0,0			2021-05-22T19:54:28Z	2021-05-26T06:30:02Z	-129.209976156231	38.1289744460064
gp24-425-20	210337	2021-02-27T02:41:24Z	492		0	15		2,10,20,50,82,98,100,108,122,140,150,200,300,400,492	12.883,12.912,12.912,12.883,12.766,12.078,11.990,11.045,10.182,10.240,9.611,8.630,7.283,6.163,5.592															0	0,0,0,0,0,0,0,0,0,0,0,0,0,0,0			2021-05-22T19:54:28Z	2021-05-26T06:30:02Z	-129.627358098468	38.4276938478749
gp24-425-20	210337	2021-02-27T09:14:36Z	180		0	15		2,10,20,30,50,75,84,94,98,100,108,125,150,178,180	13.044,13.044,13.060,13.060,13.060,12.981,12.562,11.648,11.553,11.462,10.406,9.923,9.444,9.104,9.104															0	0,0,0,0,0,0,0,0,0,0,0,0,0,0,0			2021-05-22T19:54:28Z	2021-05-26T06:30:02Z	-129.868271628911	38.5492192228129
gp24-425-20	210337	2021-02-27T15:05:24Z	190		0	15		2,10,20,30,50,75,84,98,100,106,114,125,142,150,190	13.045,13.045,13.045,13.062,13.062,12.962,12.861,12.057,11.911,11.534,10.747,10.153,9.366,9.169,8.876															0	0,0,0,0,0,0,0,0,0,0,0,0,0,0,0			2021-05-22T19:54:28Z	2021-05-26T06:30:02Z	-130.179725207132	38.6255892322097
gp24-425-20	210337	2021-02-27T15:36:36Z	282		0	15		2,10,20,30,50,75,98,100,112,118,142,150,200,232,282	13.017,13.017,13.017,13.038,13.017,12.934,12.851,12.789,11.671,10.814,9.406,9.183,8.694,8.595,7.842															0	0,0,0,0,0,0,0,0,0,0,0,0,0,0,0			2021-05-22T19:54:28Z	2021-05-26T06:30:02Z	-130.205355112193	38.6361837855424
gp24-425-20	210337	2021-02-28T09:48:36Z	240		0	15		2,10,20,30,50,64,75,98,100,108,114,130,150,200,240	13.032,13.032,13.012,12.973,12.895,12.816,12.473,10.954,10.783,10.014,9.744,9.553,8.955,8.573,8.132															0	0,0,0,0,0,0,0,0,0,0,0,0,0,0,0			2021-05-22T19:54:28Z	2021-05-26T06:30:02Z	-131.24499947201	38.9682624649402
gp24-425-20	210337	2021-02-28T15:34:12Z	284		0	15		2,10,20,30,50,58,66,75,84,98,100,116,150,200,284	13.069,13.092,13.092,13.092,13.069,12.952,12.585,11.584,10.530,9.756,9.709,9.302,8.795,8.295,7.270															0	0,0,0,0,0,0,0,0,0,0,0,0,0,0,0			2021-05-22T19:54:28Z	2021-05-26T06:30:02Z	-131.612426145203	39.0952180708347
gp24-425-20	210337	2021-02-28T18:05:12Z	366		0	15		2,10,20,30,50,56,70,88,98,100,150,200,300,332,366	13.082,13.082,13.082,13.055,13.055,12.597,10.885,9.813,9.629,9.547,8.612,8.339,7.056,6.470,6.258															0	0,0,0,0,0,0,0,0,0,0,0,0,0,0,0			2021-05-22T19:54:28Z	2021-05-26T06:30:02Z	-131.698265752279	39.1483816447515
gp24-425-20	210337	2021-03-01T02:12:24Z	498		0	15		2,10,20,40,46,50,70,88,100,108,150,200,300,400,498	12.956,12.835,12.625,12.451,12.188,11.773,9.882,9.347,9.498,9.731,8.842,8.579,7.162,6.160,5.422															0	0,0,0,0,0,0,0,0,0,0,0,0,0,0,0			2021-05-22T19:54:28Z	2021-05-26T06:30:02Z	-132.138821667868	39.2353425142812
gp24-425-20	210337	2021-03-01T08:15:12Z	496		0	15		2,10,20,50,68,90,98,100,112,150,200,300,346,400,496	13.000,12.968,12.778,12.531,12.404,11.562,10.975,10.752,9.728,9.323,8.608,7.171,6.734,5.773,5.058															0	0,0,0,0,0,0,0,0,0,0,0,0,0,0,0			2021-05-22T19:54:28Z	2021-05-26T06:30:02Z	-132.301067213998	39.2350956628184
gp24-425-20	210337	2021-03-01T16:19:36Z	336		0	15		2,10,20,30,50,84,98,100,108,118,132,150,200,300,336	12.975,12.975,12.975,12.975,13.000,12.901,12.438,12.345,11.350,10.503,9.749,9.193,8.297,7.253,6.820															0	0,0,0,0,0,0,0,0,0,0,0,0,0,0,0			2021-05-22T19:54:28Z	2021-05-26T06:30:02Z	-132.893731550707	39.2978877301985
gp24-425-20	210337	2021-03-01T20:34:12Z	596		0	15		2,10,20,50,88,98,100,116,138,170,200,300,400,500,596	13.550,13.514,13.514,13.479,12.573,12.048,11.906,10.511,10.093,8.636,8.183,7.170,5.881,4.939,4.664															0	0,0,0,0,0,0,0,0,0,0,0,0,0,0,0			2021-05-22T19:54:28Z	2021-05-26T06:30:02Z	-133.138838740456	39.3717508266613
gp24-425-20	210337	2021-03-02T02:20:00Z	588		0	15		2,10,20,50,76,98,100,112,118,200,300,400,500,586,588	13.236,13.270,13.270,13.270,13.133,12.224,12.018,11.083,10.243,8.219,7.147,5.732,4.926,4.694,4.694															0	0,0,0,0,0,0,0,0,0,0,0,0,0,0,0			2021-05-22T19:54:28Z	2021-05-26T06:30:02Z	-133.34638499908	39.4026780301502
gp24-425-20	210337	2021-03-02T09:41:24Z	274		0	15		2,10,20,30,50,75,88,98,100,112,124,140,150,200,274	13.312,13.336,13.336,13.336,13.336,13.265,12.659,11.958,11.798,11.281,10.284,9.654,9.488,8.419,7.398															0	0,0,0,0,0,0,0,0,0,0,0,0,0,0,0			2021-05-22T19:54:28Z	2021-05-26T06:30:02Z	-133.704477868675	39.4530804846457
gp24-425-20	210337	2021-03-02T11:15:36Z	346		0	15		2,10,20,30,50,98,100,108,112,150,166,200,254,300,346	13.483,13.483,13.483,13.512,13.512,13.396,13.338,12.657,11.774,9.507,8.768,8.341,7.827,7.001,6.270															0	0,0,0,0,0,0,0,0,0,0,0,0,0,0,0			2021-05-22T19:54:28Z	2021-05-26T06:30:02Z	-133.790858431345	39.4680696373451
gp24-425-20	210337	2021-03-02T12:12:36Z	458		0	15		2,10,20,50,98,100,110,114,124,150,168,200,300,400,458	13.441,13.441,13.474,13.474,13.408,13.342,12.921,11.723,10.848,9.584,8.841,8.189,6.958,5.728,5.216															0	0,0,0,0,0,0,0,0,0,0,0,0,0,0,0			2021-05-22T19:54:28Z	2021-05-26T06:30:02Z	-133.843126826956	39.4771395063023
gp24-425-20	210337	2021-03-03T11:05:24Z	476		0	14		2,10,20,50,98,100,110,130,150,200,300,330,400,476	13.127,13.127,13.127,13.158,13.158,13.158,13.096,11.110,10.222,8.571,7.535,6.741,5.946,5.370															0	0,0,0,0,0,0,0,0,0,0,0,0,0,0			2021-05-22T19:54:28Z	2021-05-26T06:30:02Z	-134.92586250373	39.8703054406779
gp24-425-20	210337	2021-03-03T14:28:48Z	496		0	15		2,10,20,50,80,98,100,110,120,140,150,200,300,400,496	13.166,13.166,13.166,13.199,13.332,12.776,12.743,12.320,11.217,10.038,9.848,8.545,7.409,5.816,5.036															0	0,0,0,0,0,0,0,0,0,0,0,0,0,0,0			2021-05-22T19:54:28Z	2021-05-26T06:30:02Z	-135.16310662688	39.9157482467793
gp24-425-20	210337	2021-03-03T18:16:24Z	604		0	15		2,10,20,50,100,112,144,156,164,172,200,300,400,500,604	13.277,13.277,13.277,13.277,13.277,13.418,10.891,10.786,9.958,9.544,8.963,7.370,5.952,5.089,4.614															0	0,0,0,0,0,0,0,0,0,0,0,0,0,0,0			2021-05-22T19:54:28Z	2021-05-26T06:30:02Z	-135.350980735177	39.9670607700689
gp24-425-20	210337	2021-03-04T02:17:00Z	584		0	15		2,10,20,50,74,98,100,110,126,160,200,300,400,500,584	13.104,13.104,13.072,12.943,12.879,11.808,11.776,11.615,10.448,8.998,8.427,7.388,6.189,5.336,5.054															0	0,0,0,0,0,0,0,0,0,0,0,0,0,0,0			2021-05-22T19:54:28Z	2021-05-26T06:30:02Z	-135.860078270831	40.0922869074038
gp24-425-20	210337	2021-03-04T09:04:00Z	260		0	15		2,10,20,30,50,75,98,100,114,128,150,170,200,232,260	12.642,12.623,12.564,12.487,12.375,12.298,11.536,11.478,11.021,10.279,9.881,8.814,8.377,8.149,7.790															0	0,0,0,0,0,0,0,0,0,0,0,0,0,0,0			2021-05-22T19:54:28Z	2021-05-26T06:30:02Z	-136.083914314413	40.0602158288263
gp24-425-20	210337	2021-03-04T20:37:00Z	636		0	14		2,10,20,50,98,100,118,148,200,300,370,400,500,636	12.580,12.580,12.548,12.548,12.295,12.295,11.955,9.970,8.981,7.518,6.307,6.157,5.287,4.670															0	0,0,0,0,0,0,0,0,0,0,0,0,0,0			2021-05-22T19:54:28Z	2021-05-26T06:30:02Z	-136.514648636871	40.1453949888268
gp24-425-20	210337	2021-03-05T02:50:36Z	582		0	15		2,10,20,50,98,100,122,142,146,154,200,300,400,500,582	12.716,12.716,12.716,12.684,12.180,12.180,12.020,10.925,10.389,9.981,8.950,7.695,6.223,5.064,4.720															0	0,0,0,0,0,0,0,0,0,0,0,0,0,0,0			2021-05-22T19:54:28Z	2021-05-26T06:30:02Z	-136.85409595757	40.2288092118634
gp24-425-20	210337	2021-03-05T21:31:48Z	384		0	15		2,10,20,30,50,98,100,110,134,142,150,200,238,300,384	12.938,12.912,12.912,12.912,12.912,12.886,12.861,12.706,11.598,10.812,10.258,9.073,8.390,7.707,6.496															0	0,0,0,0,0,0,0,0,0,0,0,0,0,0,0			2021-05-22T19:54:28Z	2021-05-26T06:30:02Z	-137.684198071425	40.1746950533961
gp24-425-20	210337	2021-03-06T09:03:24Z	170		0	15		2,10,20,30,50,75,98,100,110,118,125,136,150,164,170	12.745,12.756,12.745,12.745,12.756,12.756,12.733,12.722,12.541,11.923,11.723,10.701,10.263,9.894,10.229															0	0,0,0,0,0,0,0,0,0,0,0,0,0,0,0			2021-05-22T19:54:28Z	2021-05-26T06:30:02Z	-138.419757006048	40.2412634636007
gp24-425-20	210337	2021-03-06T09:27:48Z	476		0	15		2,10,20,50,98,100,124,136,150,172,200,224,300,400,476	12.725,12.754,12.754,12.754,12.696,12.696,11.670,10.709,10.341,10.145,9.408,8.700,8.072,6.402,5.528															0	0,0,0,0,0,0,0,0,0,0,0,0,0,0,0			2021-05-22T19:54:28Z	2021-05-26T06:30:02Z	-138.443455680173	40.2445508954202
gp24-425-20	210337	2021-03-06T15:31:36Z	290		0	15		2,10,20,30,50,75,98,100,114,124,136,150,174,200,290	12.778,12.797,12.797,12.797,12.816,12.816,12.797,12.797,12.703,11.709,11.306,10.551,9.594,9.191,8.126															0	0,0,0,0,0,0,0,0,0,0,0,0,0,0,0			2021-05-22T19:54:28Z	2021-05-26T06:30:02Z	-138.755586754616	40.3160424634054
gp24-425-20	210337	2021-03-06T17:04:00Z	358		0	15		2,10,20,30,50,98,100,110,116,126,150,158,200,300,358	13.327,13.353,13.353,13.353,13.378,13.353,13.353,13.226,12.733,10.648,9.953,10.104,9.163,7.974,7.058															0	0,0,0,0,0,0,0,0,0,0,0,0,0,0,0			2021-05-22T19:54:28Z	2021-05-26T06:30:02Z	-138.819803373861	40.3406901568439
gp24-425-20	210337	2021-03-06T18:10:00Z	634		0	15		2,10,20,50,98,100,114,118,124,152,200,300,400,500,634	13.149,13.184,13.184,13.149,13.149,13.149,12.903,12.595,11.391,10.179,9.317,8.078,6.567,5.187,4.396															0	0,0,0,0,0,0,0,0,0,0,0,0,0,0,0			2021-05-22T19:54:28Z	2021-05-26T06:30:02Z	-138.8695027967	40.3539445187789
gp24-425-20	210337	2021-03-07T14:21:36Z	472		0	15		2,10,20,50,82,98,100,120,150,200,300,334,374,400,472	12.138,12.138,12.138,12.164,12.112,11.835,11.783,11.274,9.783,9.480,8.009,7.377,7.048,6.493,5.712															0	0,0,0,0,0,0,0,0,0,0,0,0,0,0,0			2021-05-22T19:54:28Z	2021-05-26T06:30:02Z	-139.982584998239	40.5813900116717
gp24-425-20	210337	2021-03-08T02:18:00Z	592		0	15		2,10,20,50,98,100,118,126,132,164,200,300,400,500,592	12.154,12.154,12.184,12.064,11.913,11.883,11.326,10.347,9.993,9.345,9.052,7.869,6.454,5.241,4.654															0	0,0,0,0,0,0,0,0,0,0,0,0,0,0,0			2021-05-22T19:54:28Z	2021-05-26T06:30:02Z	-140.106848214136	40.7089410262094
gp24-425-20	210337	2021-03-08T15:05:36Z	262		0	15		2,10,20,30,50,75,98,100,118,126,132,150,200,230,262	11.818,11.818,11.818,11.832,11.832,11.846,11.761,11.761,11.457,10.610,10.239,9.903,9.405,9.006,8.314															0	0,0,0,0,0,0,0,0,0,0,0,0,0,0,0			2021-05-22T19:54:28Z	2021-05-26T06:30:02Z	-140.780241962924	40.820401029444
gp24-425-20	210337	2021-03-08T21:08:24Z	630		0	15		2,10,20,50,98,100,122,142,200,238,300,400,424,500,630	12.220,12.220,12.220,12.158,11.941,11.910,10.485,10.028,9.331,9.029,7.992,6.389,5.901,5.204,4.476															0	0,0,0,0,0,0,0,0,0,0,0,0,0,0,0			2021-05-22T19:54:28Z	2021-05-26T06:30:02Z	-140.96631566732	40.8265756430456
gp24-425-20	210337	2021-03-09T02:28:48Z	552		0	14		2,10,20,50,98,100,116,134,142,200,300,400,500,552	11.541,11.541,11.541,11.568,11.541,11.541,11.271,10.291,10.055,9.474,7.778,6.373,5.231,4.812															0	0,0,0,0,0,0,0,0,0,0,0,0,0,0			2021-05-22T19:54:28Z	2021-05-26T06:30:02Z	-141.402107179575	40.9373691726884
gp24-425-20	210337	2021-03-09T09:09:00Z	284		0	15		2,10,20,30,50,75,100,122,128,132,138,150,200,232,284	11.512,11.524,11.524,11.524,11.524,11.536,11.536,11.394,11.025,10.447,9.948,9.809,9.694,9.428,8.584															0	0,0,0,0,0,0,0,0,0,0,0,0,0,0,0			2021-05-22T19:54:28Z	2021-05-26T06:30:02Z	-141.758070247687	41.0280882377595
gp24-425-20	210337	2021-03-09T15:28:24Z	394		0	15		2,10,20,30,50,100,114,122,136,150,200,276,300,330,394	10.847,10.847,10.847,10.847,10.847,10.865,10.918,10.740,10.041,9.765,9.186,8.051,7.842,7.704,6.466															0	0,0,0,0,0,0,0,0,0,0,0,0,0,0,0			2021-05-22T19:54:28Z	2021-05-26T06:30:02Z	-141.826034824392	41.1223588449681
gp24-425-20	210337	2021-03-10T02:14:24Z	580		0	15		2,10,20,50,98,100,122,156,200,242,266,300,400,500,580	12.528,12.528,12.466,12.466,12.249,12.187,11.094,10.063,9.544,9.211,8.451,8.118,6.777,5.289,4.778															0	0,0,0,0,0,0,0,0,0,0,0,0,0,0,0			2021-05-22T19:54:28Z	2021-05-26T06:30:02Z	-142.448190424933	41.2580186724189
gp24-425-20	210337	2021-03-10T09:27:00Z	418		0	15		2,10,20,50,98,100,120,150,166,200,228,300,324,400,418	11.842,11.819,11.819,11.842,11.752,11.684,10.381,9.760,9.563,9.405,8.784,7.768,7.345,6.375,6.200															0	0,0,0,0,0,0,0,0,0,0,0,0,0,0,0			2021-05-22T19:54:28Z	2021-05-26T06:30:02Z	-142.687201829157	41.3141958550324
gp24-425-20	210337	2021-03-10T15:04:12Z	178		0	15		2,10,20,30,50,75,92,98,100,106,118,125,150,172,178	11.937,11.947,11.956,11.956,11.947,11.937,11.854,11.546,11.291,10.747,10.228,10.119,9.920,9.784,9.640															0	0,0,0,0,0,0,0,0,0,0,0,0,0,0,0			2021-05-22T19:54:28Z	2021-05-26T06:30:02Z	-142.911585194828	41.4221215767367
gp24-425-20	210337	2021-03-10T15:33:00Z	340		0	15		2,10,20,30,50,88,98,100,128,150,170,200,264,300,340	11.946,11.928,11.910,11.893,11.893,11.839,11.492,11.278,10.111,9.902,9.848,9.287,8.347,7.995,7.492															0	0,0,0,0,0,0,0,0,0,0,0,0,0,0,0			2021-05-22T19:54:28Z	2021-05-26T06:30:02Z	-142.947980740447	41.4415712448398
gp24-425-20	210337	2021-03-10T16:38:00Z	418		0	15		2,10,20,50,88,98,100,122,150,164,200,252,300,400,418	11.808,11.830,11.830,11.786,11.741,11.564,11.437,10.112,10.045,9.912,9.109,8.394,7.978,6.526,6.288															0	0,0,0,0,0,0,0,0,0,0,0,0,0,0,0			2021-05-22T19:54:28Z	2021-05-26T06:30:02Z	-143.028981497975	41.4814088390185
gp24-425-20	210337	2021-03-11T11:47:12Z	462		0	15		2,10,20,50,100,108,130,150,200,236,300,344,364,400,462	11.088,11.065,11.043,10.952,10.617,10.662,9.952,9.504,9.413,8.947,7.698,7.079,6.608,6.120,5.410															0	0,0,0,0,0,0,0,0,0,0,0,0,0,0,0			2021-05-22T19:54:28Z	2021-05-26T06:30:02Z	-143.877567041972	41.7490164192505
gp24-425-20	210337	2021-03-11T15:41:48Z	380		0	15		2,10,20,30,50,98,100,110,118,128,150,200,300,362,380	11.042,11.024,11.024,10.987,10.987,11.005,11.005,10.821,10.153,9.756,9.632,9.448,7.678,6.558,6.434															0	0,0,0,0,0,0,0,0,0,0,0,0,0,0,0			2021-05-22T19:54:28Z	2021-05-26T06:30:02Z	-144.0637443611	41.7714211176319
gp24-425-20	210337	2021-03-11T20:12:48Z	588		0	14		2,10,20,50,100,102,118,124,142,200,300,400,500,588	10.582,10.558,10.535,10.535,10.322,10.346,10.210,9.814,9.376,9.099,7.657,6.244,5.204,4.672															0	0,0,0,0,0,0,0,0,0,0,0,0,0,0			2021-05-22T19:54:28Z	2021-05-26T06:30:02Z	-144.269078435484	41.7848410292748
gp24-425-20	210337	2021-03-12T09:05:48Z	342		0	15		2,10,20,30,50,98,100,130,150,168,200,246,272,300,342	10.922,10.908,10.894,10.839,10.650,10.595,10.595,10.529,10.058,9.555,9.517,9.314,8.907,8.177,7.478															0	0,0,0,0,0,0,0,0,0,0,0,0,0,0,0			2021-05-22T19:54:28Z	2021-05-26T06:30:02Z	-145.012526983808	41.827746195428
gp24-425-20	210337	2021-03-12T22:01:24Z	722		0	15		2,10,20,50,64,100,132,144,168,200,300,392,500,700,722	10.702,10.702,10.702,10.570,10.287,10.287,10.339,9.924,9.977,9.562,8.164,6.200,5.112,4.183,4.110															0	0,0,0,0,0,0,0,0,0,0,0,0,0,0,0			2021-05-22T19:54:28Z	2021-05-26T06:30:02Z	-145.358088417228	41.9237482097738
gp24-425-20	210337	2021-03-13T09:22:48Z	378		0	15		2,10,20,30,50,98,100,150,200,238,276,300,314,334,378	10.581,10.581,10.581,10.598,10.598,10.441,10.424,9.863,9.267,8.906,8.310,7.714,7.336,7.131,6.248															0	0,0,0,0,0,0,0,0,0,0,0,0,0,0,0			2021-05-22T19:54:28Z	2021-05-26T06:30:02Z	-146.008227278578	42.0411268895667
gp24-425-20	210337	2021-03-13T20:28:00Z	638		0	15		2,10,20,50,100,118,200,246,300,316,322,400,458,500,638	10.651,10.651,10.651,10.651,10.651,10.676,9.372,8.952,7.892,7.572,7.227,6.293,5.409,5.089,4.406															0	0,0,0,0,0,0,0,0,0,0,0,0,0,0,0			2021-05-22T19:54:28Z	2021-05-26T06:30:02Z	-146.65394868063	42.1657391415342
gp24-425-20	210337	2021-03-14T10:16:00Z	500		0	15		2,10,20,50,98,100,150,154,200,232,300,348,400,446,500	10.271,10.271,10.292,10.292,10.250,10.229,8.908,9.713,7.587,8.619,6.161,6.719,5.030,5.440,5.030															0	0,0,0,0,0,0,0,0,0,0,0,0,0,0,0			2021-05-22T19:54:28Z	2021-05-26T06:30:02Z	-146.951874518607	42.2561733544017
gp24-425-20	210337	2021-03-14T16:28:36Z	480		0	15		2,10,20,50,98,100,150,200,234,278,300,306,368,400,480	10.225,10.225,10.225,10.225,10.246,10.225,10.016,9.403,8.701,8.109,7.386,7.161,5.993,5.621,5.008															0	0,0,0,0,0,0,0,0,0,0,0,0,0,0,0			2021-05-22T19:54:28Z	2021-05-26T06:30:02Z	-147.284792405356	42.2734142485142
gp24-425-20	210337	2021-03-14T20:51:24Z	592		0	15		2,10,20,50,100,120,200,274,300,340,400,414,470,500,592	9.876,9.854,9.854,9.854,9.854,10.324,8.964,8.187,7.586,6.742,6.118,6.096,5.251,5.030,4.656															0	0,0,0,0,0,0,0,0,0,0,0,0,0,0,0			2021-05-22T19:54:28Z	2021-05-26T06:30:02Z	-147.529258607947	42.3449699829257
gp24-425-20	210337	2021-03-15T02:09:00Z	514		0	15		2,10,20,50,100,106,116,200,242,300,330,400,454,500,514	9.573,9.573,9.573,9.573,9.663,9.836,10.518,9.132,8.785,7.907,7.511,6.024,5.275,4.989,4.928															0	0,0,0,0,0,0,0,0,0,0,0,0,0,0,0			2021-05-22T19:54:28Z	2021-05-26T06:30:02Z	-147.654074523633	42.3403571736972
gp24-425-20	210337	2021-03-15T09:16:24Z	252		0	15		2,10,20,30,50,75,100,116,126,140,150,200,218,244,252	10.258,10.258,10.258,10.258,10.265,10.258,10.243,10.300,10.640,10.438,10.157,9.408,9.235,8.846,8.804															0	0,0,0,0,0,0,0,0,0,0,0,0,0,0,0			2021-05-22T19:54:28Z	2021-05-26T06:30:02Z	-148.094811079137	42.3453011655129
gp24-425-20	210337	2021-03-15T09:36:24Z	430		0	15		2,10,20,50,100,112,120,150,200,236,266,300,320,400,430	10.237,10.256,10.256,10.274,10.274,10.349,10.586,10.055,9.418,9.013,8.320,7.808,7.626,6.295,5.932															0	0,0,0,0,0,0,0,0,0,0,0,0,0,0,0			2021-05-22T19:54:28Z	2021-05-26T06:30:02Z	-148.105095599805	42.3474003545175
gp24-425-20	210337	2021-03-15T15:20:36Z	374		0	15		2,10,20,30,50,100,114,134,150,176,200,254,300,334,374	9.677,9.677,9.677,9.677,9.677,9.924,10.484,9.793,9.557,9.557,9.016,8.564,7.816,7.039,6.748															0	0,0,0,0,0,0,0,0,0,0,0,0,0,0,0			2021-05-22T19:54:28Z	2021-05-26T06:30:02Z	-148.382968077826	42.3919814124346
gp24-425-20	210337	2021-03-15T20:54:48Z	642		0	15		2,10,20,50,90,100,106,110,200,236,288,300,400,500,642	9.561,9.561,9.561,9.561,9.632,9.937,10.313,10.408,9.376,8.719,8.134,7.782,5.956,5.138,4.440															0	0,0,0,0,0,0,0,0,0,0,0,0,0,0,0			2021-05-22T19:54:28Z	2021-05-26T06:30:02Z	-148.58191954905	42.4029038656325
gp24-425-20	210337	2021-03-16T09:02:36Z	178		0	15		2,10,20,30,50,75,100,112,125,126,128,134,142,150,178	9.086,9.088,9.088,9.091,9.095,9.098,9.119,9.250,9.583,9.708,9.775,9.864,9.787,9.793,9.309															0	0,0,0,0,0,0,0,0,0,0,0,0,0,0,0			2021-05-22T19:54:28Z	2021-05-26T06:30:02Z	-149.226163384154	42.3894641700904
gp24-425-20	210337	2021-03-16T14:06:24Z	468		0	15		2,10,20,50,100,116,126,136,150,200,252,300,356,400,468	9.077,9.077,9.077,9.077,9.166,9.423,9.718,9.812,9.606,8.707,8.304,7.423,6.669,5.896,5.128															0	0,0,0,0,0,0,0,0,0,0,0,0,0,0,0			2021-05-22T19:54:28Z	2021-05-26T06:30:02Z	-149.484790658608	42.4880499483316
gp24-425-20	210337	2021-03-17T02:12:24Z	588		0	15		2,10,20,50,100,110,138,200,220,300,378,400,500,584,588	9.134,9.134,9.134,9.134,9.199,9.265,9.932,8.920,8.795,7.504,6.132,5.918,4.803,4.464,4.464															0	0,0,0,0,0,0,0,0,0,0,0,0,0,0,0			2021-05-22T19:54:28Z	2021-05-26T06:30:02Z	-149.833672034793	42.4324603358397
gp24-425-20	210337	2021-03-18T02:25:24Z	576		0	15		2,10,20,50,100,114,124,134,152,200,274,300,400,500,576	8.885,8.885,8.885,8.904,8.962,9.264,9.053,9.187,9.000,8.304,7.417,6.947,5.896,4.879,4.466															0	0,0,0,0,0,0,0,0,0,0,0,0,0,0,0			2021-05-22T19:54:28Z	2021-05-26T06:30:02Z	-150.987981518214	42.5417725206203
gp24-425-20	210337	2021-03-18T15:25:00Z	430		0	15		2,10,20,50,100,118,126,140,150,200,300,348,388,400,430	9.054,9.041,9.041,9.054,9.071,9.193,9.825,9.912,9.790,9.023,7.791,6.819,6.323,5.965,5.556															0	0,0,0,0,0,0,0,0,0,0,0,0,0,0,0			2021-05-22T19:54:28Z	2021-05-26T06:30:02Z	-151.329926107239	42.3543788804612
gp24-425-20	210337	2021-03-18T16:11:48Z	590		0	15		2,10,20,50,100,114,128,138,200,300,318,342,400,500,590	9.117,9.117,9.117,9.117,9.095,9.203,9.816,9.880,8.972,7.790,7.241,6.758,5.892,4.968,4.506															0	0,0,0,0,0,0,0,0,0,0,0,0,0,0,0			2021-05-22T19:54:28Z	2021-05-26T06:30:02Z	-151.363510502496	42.3426640999627
gp24-425-20	210337	2021-03-19T02:25:36Z	624		0	15		2,10,20,50,100,114,128,154,182,200,300,400,466,500,624	9.307,9.307,9.284,9.284,9.284,9.417,10.026,9.783,9.218,8.980,8.089,6.268,5.250,4.990,4.492															0	0,0,0,0,0,0,0,0,0,0,0,0,0,0,0			2021-05-22T19:54:28Z	2021-05-26T06:30:02Z	-151.633779716966	42.1689776193494
gp24-425-20	210337	2021-03-20T17:35:00Z	572		0	15		2,10,20,50,100,118,126,142,200,236,300,400,430,500,572	9.812,9.812,9.812,9.812,9.948,10.034,10.347,10.552,9.658,9.054,8.337,6.663,6.151,5.370,4.858															0	0,0,0,0,0,0,0,0,0,0,0,0,0,0,0			2021-05-22T19:54:28Z	2021-05-26T06:30:02Z	-153.058814960729	41.4960638785853
gp24-425-20	210337	2021-03-21T02:21:00Z	456		0	15		2,10,20,50,100,120,142,150,200,238,300,354,358,400,456	9.825,9.825,9.805,9.884,10.525,10.644,10.232,10.232,9.591,9.005,8.365,7.272,7.098,6.592,5.678															0	0,0,0,0,0,0,0,0,0,0,0,0,0,0,0			2021-05-22T19:54:28Z	2021-05-26T06:30:02Z	-153.376127594666	41.4572069174967
gp24-425-20	210337	2021-03-21T02:46:12Z	602		0	15		2,10,20,50,64,100,110,132,146,200,300,360,400,500,602	9.815,9.815,9.791,9.935,10.285,10.098,10.429,10.550,10.219,9.670,8.302,6.977,6.507,5.181,4.524															0	0,0,0,0,0,0,0,0,0,0,0,0,0,0,0			2021-05-22T19:54:28Z	2021-05-26T06:30:02Z	-153.392759752392	41.4601138191732
gp24-425-20	210337	2021-03-21T09:08:24Z	394		0	15		2,10,20,30,50,100,118,128,150,200,218,300,324,376,394	10.275,10.245,10.215,10.200,10.174,10.215,10.305,10.570,10.406,9.703,9.221,8.163,7.931,6.918,6.832															0	0,0,0,0,0,0,0,0,0,0,0,0,0,0,0			2021-05-22T19:54:28Z	2021-05-26T06:30:02Z	-153.615840374413	41.4564014682268
gp24-425-20	210337	2021-03-22T02:49:24Z	590		0	15		2,10,20,50,100,158,200,262,300,316,350,400,500,588,590	10.400,10.488,10.511,10.464,10.488,10.700,10.164,8.850,8.249,8.084,7.277,6.699,5.497,4.808,4.808															0	0,0,0,0,0,0,0,0,0,0,0,0,0,0,0			2021-05-22T19:54:28Z	2021-05-26T06:30:02Z	-154.430121885726	41.2989422553674
gp24-425-20	210337	2021-03-22T14:16:36Z	512		0	15		2,10,20,50,100,144,200,264,300,348,400,454,464,500,512	10.733,10.733,10.754,10.670,10.586,10.628,9.968,8.962,8.616,8.019,7.112,6.478,6.148,5.635,5.514															0	0,0,0,0,0,0,0,0,0,0,0,0,0,0,0			2021-05-22T19:54:28Z	2021-05-26T06:30:02Z	-154.718699148603	41.2127341767461
gp24-425-20	210337	2021-03-22T21:22:24Z	384		0	15		2,10,20,30,50,98,100,132,150,182,200,224,300,320,384	10.694,10.694,10.694,10.680,10.665,10.665,10.665,10.637,10.396,10.184,9.861,9.383,8.366,7.932,7.102															0	0,0,0,0,0,0,0,0,0,0,0,0,0,0,0			2021-05-22T19:54:28Z	2021-05-26T06:30:02Z	-154.907129387942	41.2733936072371
gp24-425-20	210337	2021-03-22T22:21:48Z	632		0	15		2,10,20,50,100,138,148,178,200,250,300,400,464,500,632	10.700,10.675,10.675,10.651,10.651,10.602,10.387,10.264,9.828,8.963,8.435,6.821,5.716,5.403,4.562															0	0,0,0,0,0,0,0,0,0,0,0,0,0,0,0			2021-05-22T19:54:28Z	2021-05-26T06:30:02Z	-154.935727957097	41.2533105145281
gp24-425-20	210337	2021-03-23T02:24:12Z	590		0	15		2,10,20,50,100,126,200,300,346,384,400,426,458,500,590	10.232,10.232,10.232,10.272,10.411,10.550,9.798,8.301,7.370,6.988,6.670,6.422,5.855,5.421,4.768															0	0,0,0,0,0,0,0,0,0,0,0,0,0,0,0			2021-05-22T19:54:28Z	2021-05-26T06:30:02Z	-155.052433405054	41.1713552066148
gp24-425-20	210337	2021-03-23T21:29:36Z	418		0	15		2,10,20,50,68,100,150,158,200,232,242,300,332,400,418	10.254,10.269,10.269,10.163,9.866,9.923,10.208,10.284,9.821,9.510,9.210,8.378,8.033,6.739,6.488															0	0,0,0,0,0,0,0,0,0,0,0,0,0,0,0			2021-05-22T19:54:28Z	2021-05-26T06:30:02Z	-155.882976215329	41.0422728518
gp24-425-20	210337	2021-03-23T23:40:12Z	644		0	15		2,10,20,38,50,100,128,164,200,300,400,434,500,582,644	10.300,10.231,10.185,10.162,9.961,9.870,9.892,10.254,9.961,8.521,6.873,6.271,5.547,4.870,4.560															0	0,0,0,0,0,0,0,0,0,0,0,0,0,0,0			2021-05-22T19:54:28Z	2021-05-26T06:30:02Z	-155.999981582371	41.0246173303069
gp24-425-20	210337	2021-03-24T21:22:48Z	412		0	15		2,10,20,50,100,120,150,200,274,300,322,346,376,400,412	10.508,10.491,10.458,10.424,10.374,10.491,10.228,9.718,8.883,8.327,8.014,7.212,6.919,6.510,6.330															0	0,0,0,0,0,0,0,0,0,0,0,0,0,0,0			2021-05-22T19:54:28Z	2021-05-26T06:30:02Z	-156.547862574681	41.0590735504527
gp24-425-20	210337	2021-03-25T09:18:36Z	402		0	15		2,10,20,50,100,126,150,176,200,246,260,278,300,400,402	7.966,7.951,7.951,7.923,8.024,8.096,7.753,7.626,7.272,6.762,6.379,6.267,5.855,4.493,4.482															0	0,0,0,0,0,0,0,0,0,0,0,0,0,0,0			2021-05-22T19:54:28Z	2021-05-26T06:30:02Z	-157.089449268631	41.0584471078636
gp24-425-20	210337	2021-03-25T14:30:00Z	628		0	15		2,10,20,50,100,164,188,200,300,338,364,400,500,578,628	8.154,8.154,8.154,8.068,7.961,8.133,7.982,7.645,6.111,5.752,5.124,4.620,3.628,3.001,2.792															0	0,0,0,0,0,0,0,0,0,0,0,0,0,0,0			2021-05-22T19:54:28Z	2021-05-26T06:30:02Z	-157.318802344394	41.0765885976632
gp24-425-20	210337	2021-03-25T21:33:12Z	452		0	15		2,10,20,50,100,132,144,150,200,268,300,326,384,400,452	8.573,8.573,8.573,8.555,8.448,8.381,8.626,8.573,7.768,6.897,6.287,5.972,4.807,4.682,4.180															0	0,0,0,0,0,0,0,0,0,0,0,0,0,0,0			2021-05-22T19:54:28Z	2021-05-26T06:30:02Z	-157.563742379126	41.0634876663429
gp24-425-20	210337	2021-03-26T09:18:48Z	256		0	15		2,10,20,30,50,62,75,100,150,166,178,200,216,218,256	9.081,9.092,9.088,9.084,9.032,8.757,8.898,8.972,8.931,8.939,9.069,8.753,8.660,8.573,8.142															0	0,0,0,0,0,0,0,0,0,0,0,0,0,0,0			2021-05-22T19:54:28Z	2021-05-26T06:30:02Z	-157.936540373111	40.8865358186178
gp24-425-20	210337	2021-03-26T20:28:24Z	602		0	15		2,10,20,50,98,100,146,200,232,258,300,366,400,500,602	9.882,9.858,9.858,9.833,9.662,9.638,9.613,9.375,8.990,8.367,7.792,6.668,5.947,4.462,3.772															0	0,0,0,0,0,0,0,0,0,0,0,0,0,0,0			2021-05-22T19:54:28Z	2021-05-26T06:30:02Z	-158.35380538825	40.8424119572883
gp24-425-20	210337	2021-03-27T03:06:24Z	590		0	15		2,10,20,50,100,134,200,232,300,342,362,400,500,588,590	9.514,9.419,9.396,9.372,9.348,9.372,8.976,8.609,7.309,6.499,6.333,5.778,4.365,3.602,3.602															0	0,0,0,0,0,0,0,0,0,0,0,0,0,0,0			2021-05-22T19:54:28Z	2021-05-26T06:30:02Z	-158.565634846004	40.7961113338418
gp24-425-20	210337	2021-03-27T10:21:00Z	532		0	15		2,10,20,50,68,86,100,142,200,300,400,460,500,530,532	9.554,9.325,9.302,9.280,9.217,8.788,8.834,9.057,8.296,6.792,5.248,4.459,4.105,3.836,3.836															0	0,0,0,0,0,0,0,0,0,0,0,0,0,0,0			2021-05-22T19:54:28Z	2021-05-26T06:30:02Z	-158.767536063319	40.741206037653
gp24-425-20	210337	2021-03-27T14:25:00Z	552		0	15		2,6,10,20,40,50,60,100,154,170,200,300,400,500,552	8.940,8.727,8.706,8.748,8.748,8.583,8.434,8.354,8.413,8.727,8.376,7.119,5.304,4.074,3.616															0	0,0,0,0,0,0,0,0,0,0,0,0,0,0,0			2021-05-22T19:54:28Z	2021-05-26T06:30:02Z	-158.919445918409	40.770176336852
gp24-425-20	210337	2021-03-27T20:32:36Z	614		0	15		2,10,20,50,74,100,150,200,274,300,328,400,450,500,614	8.876,8.740,8.588,8.543,8.362,8.407,8.340,7.764,6.990,6.527,6.284,5.133,4.421,3.958,3.230															0	0,0,0,0,0,0,0,0,0,0,0,0,0,0,0			2021-05-22T19:54:28Z	2021-05-26T06:30:02Z	-159.033651859973	40.7656567364018
gp24-425-20	210337	2021-03-28T15:08:24Z	360		0	15		2,10,20,30,50,100,112,130,150,174,200,216,246,300,360	7.849,7.849,7.835,7.821,7.713,7.700,7.974,7.550,7.741,7.700,7.102,6.748,6.650,5.480,4.500															0	0,0,0,0,0,0,0,0,0,0,0,0,0,0,0			2021-05-22T19:54:28Z	2021-05-26T06:30:02Z	-159.767595343048	40.9636471808863
gp24-425-20	210337	2021-03-29T20:15:48Z	628		0	15		2,10,20,40,50,98,100,150,174,200,300,400,500,626,628	8.175,8.175,8.278,8.237,7.911,8.175,8.154,7.767,7.973,7.669,6.291,4.794,3.864,3.116,3.116															0	0,0,0,0,0,0,0,0,0,0,0,0,0,0,0			2021-05-22T19:54:28Z	2021-05-26T06:30:02Z	-159.95844717908	40.9811849948676
gp24-425-20	210337	2021-03-30T02:17:36Z	598		0	15		2,10,20,50,100,124,168,174,200,252,270,300,400,500,598	8.106,8.106,8.029,7.824,8.048,8.220,7.939,7.695,7.676,6.965,6.946,6.326,4.924,3.879,3.450															0	0,0,0,0,0,0,0,0,0,0,0,0,0,0,0			2021-05-22T19:54:28Z	2021-05-26T06:30:02Z	-160.035644459414	40.9892141213757
gp24-425-20	210337	2021-03-30T08:31:00Z	540		0	15		2,10,20,50,100,142,152,170,186,200,268,300,400,500,540	8.850,8.808,8.766,8.479,8.274,8.295,8.499,8.149,8.353,8.065,6.878,6.548,5.114,3.942,3.618															0	0,0,0,0,0,0,0,0,0,0,0,0,0,0,0			2021-05-22T19:54:28Z	2021-05-26T06:30:02Z	-160.130218802424	40.9937468712087
gp24-425-20	210337	2021-03-30T14:24:36Z	574		0	15		2,10,20,50,84,100,110,146,170,200,300,400,500,568,574	8.968,8.946,8.925,8.709,8.693,8.397,8.585,8.731,8.224,8.079,6.813,5.288,4.124,3.725,3.580															0	0,0,0,0,0,0,0,0,0,0,0,0,0,0,0			2021-05-22T19:54:28Z	2021-05-26T06:30:02Z	-160.085585140445	40.9356141381104
gp24-425-20	210337	2021-03-30T20:09:24Z	532		0	15		2,10,20,50,100,130,168,178,200,300,328,374,400,500,532	9.172,9.130,9.109,8.861,8.467,8.367,8.693,8.367,8.077,6.735,6.403,5.492,5.308,4.171,3.908															0	0,0,0,0,0,0,0,0,0,0,0,0,0,0,0			2021-05-22T19:54:28Z	2021-05-26T06:30:02Z	-160.146196635489	40.9220384740342
gp24-425-20	210337	2021-03-31T17:13:12Z	598		0	15		2,10,20,50,98,100,178,200,256,300,366,400,470,500,598	9.344,9.366,9.366,9.344,9.189,9.166,8.906,8.496,7.626,7.149,6.384,5.714,4.777,4.539,3.824															0	0,0,0,0,0,0,0,0,0,0,0,0,0,0,0			2021-05-22T19:54:28Z	2021-05-26T06:30:02Z	-160.524278525346	41.2038396815947
gp24-425-20	210337	2021-03-31T19:25:36Z	1064		0	15		2,20,50,78,100,110,160,200,300,368,408,500,700,1000,1064	7.723,7.750,7.750,7.379,7.427,7.427,7.379,7.009,5.634,4.866,4.098,3.229,2.117,1.194,1.012															0	0,0,0,0,0,0,0,0,0,0,0,0,0,0,0			2021-05-22T19:54:28Z	2021-05-26T06:30:02Z	-160.615417643479	41.2688122931006
gp24-425-20	210337	2021-04-01T15:16:48Z	394		0	15		2,10,20,30,38,40,50,100,150,166,200,212,236,300,394	6.505,6.521,6.505,6.521,6.505,6.718,6.521,5.914,6.185,6.200,5.957,5.957,5.323,4.504,2.854															0	0,0,0,0,0,0,0,0,0,0,0,0,0,0,0			2021-05-22T19:54:28Z	2021-05-26T06:30:02Z	-161.246823341282	41.4618414592875
gp24-425-20	210337	2021-04-02T17:31:48Z	560		0	15		2,10,20,50,82,84,86,100,138,200,300,400,500,552,560	6.879,6.897,6.897,6.897,6.750,7.168,6.714,6.714,7.131,6.250,4.846,3.566,2.846,2.580,2.580															0	0,0,0,0,0,0,0,0,0,0,0,0,0,0,0			2021-05-22T19:54:28Z	2021-05-26T06:30:02Z	-161.858705819499	41.9303151238396
gp24-425-20	210337	2021-04-02T20:08:00Z	586		0	15		2,10,20,50,100,138,140,142,200,300,400,500,546,548,586	6.533,6.533,6.513,6.552,6.625,6.891,7.352,6.930,6.625,5.069,3.813,2.902,2.674,3.052,2.504															0	0,0,0,0,0,0,0,0,0,0,0,0,0,0,0			2021-05-22T19:54:28Z	2021-05-26T06:30:02Z	-162.006255445257	41.9426259095313
gp24-425-20	210337	2021-04-03T02:12:12Z	542		0	15		2,10,20,50,100,128,200,300,400,410,412,414,422,500,542	6.842,6.825,6.825,6.825,6.502,6.928,6.133,4.938,3.692,3.588,3.842,3.537,3.455,2.879,2.630															0	0,0,0,0,0,0,0,0,0,0,0,0,0,0,0			2021-05-22T19:54:28Z	2021-05-26T06:30:02Z	-162.021698851909	41.9238519095154
gp24-425-20	210337	2021-04-03T17:27:00Z	794		0	15		2,10,20,30,50,100,128,200,244,246,248,300,500,700,794	6.897,6.918,6.974,7.462,7.098,6.918,7.139,6.595,6.153,6.533,6.133,5.348,3.274,2.551,2.330															0	0,0,0,0,0,0,0,0,0,0,0,0,0,0,0			2021-05-22T19:54:28Z	2021-05-26T06:30:02Z	-161.818876767315	41.9586243174988
gp24-425-20	210337	2021-04-03T20:23:36Z	606		0	15		2,10,20,50,100,118,192,194,200,300,342,400,500,604,606	7.140,7.140,7.123,7.140,7.123,7.226,6.938,7.209,6.817,5.519,4.745,4.272,3.313,2.926,2.926															0	0,0,0,0,0,0,0,0,0,0,0,0,0,0,0			2021-05-22T19:54:28Z	2021-05-26T06:30:02Z	-161.720467633187	41.8833240877939
gp24-425-20	210337	2021-04-04T09:24:36Z	376		0	15		2,10,20,30,50,74,100,136,150,160,200,214,300,340,376	7.440,7.440,7.440,7.440,7.416,7.179,7.167,7.370,7.310,7.562,7.130,6.832,5.796,4.984,4.522															0	0,0,0,0,0,0,0,0,0,0,0,0,0,0,0			2021-05-22T19:54:28Z	2021-05-26T06:30:02Z	-161.751360666648	41.9338806858907
gp24-425-20	210337	2021-04-04T10:12:24Z	586		0	14		2,10,20,50,78,100,134,136,138,200,300,400,500,586	7.480,7.480,7.480,7.445,7.532,7.222,7.292,7.497,7.310,7.135,5.771,4.249,3.530,3.172															0	0,0,0,0,0,0,0,0,0,0,0,0,0,0			2021-05-22T19:54:28Z	2021-05-26T06:30:02Z	-161.751402266147	41.9413628869982
gp24-425-20	210337	2021-04-05T02:17:36Z	572		0	15		2,10,20,50,62,64,100,154,200,282,284,300,400,500,572	7.607,7.570,7.552,7.570,7.966,7.570,7.357,7.784,7.484,6.361,6.679,6.093,4.629,3.756,3.420															0	0,0,0,0,0,0,0,0,0,0,0,0,0,0,0			2021-05-22T19:54:28Z	2021-05-26T06:30:02Z	-161.75279191413	42.0264866647047
gp24-425-20	210337	2021-04-05T09:06:48Z	370		0	15		2,10,20,30,32,34,50,70,100,130,150,200,222,300,370	7.402,7.391,7.323,7.346,7.612,7.380,7.479,7.201,7.578,7.848,7.712,7.178,7.113,5.788,5.010															0	0,0,0,0,0,0,0,0,0,0,0,0,0,0,0			2021-05-22T19:54:28Z	2021-05-26T06:30:02Z	-161.693833810925	42.0486490399852
gp24-425-20	210337	2021-04-05T20:12:24Z	580		0	14		2,10,20,50,62,100,146,200,270,300,352,400,500,580	7.662,7.710,7.763,7.798,7.920,7.627,7.920,7.475,6.807,6.222,5.248,4.820,3.912,3.554															0	0,0,0,0,0,0,0,0,0,0,0,0,0,0			2021-05-22T19:54:28Z	2021-05-26T06:30:02Z	-161.752833159605	41.9549749139145
gp24-425-20	210337	2021-04-06T02:23:48Z	600		0	15		2,10,20,50,84,100,132,200,300,312,346,400,500,598,600	7.848,7.883,7.865,7.830,7.489,7.778,7.988,7.283,6.078,6.113,5.272,4.773,3.950,3.608,3.608															0	0,0,0,0,0,0,0,0,0,0,0,0,0,0,0			2021-05-22T19:54:28Z	2021-05-26T06:30:02Z	-161.859851237502	42.010300533165
gp24-425-20	210337	2021-04-06T14:30:48Z	576		0	15		2,10,20,50,100,120,150,200,216,238,300,366,400,500,576	8.367,8.386,8.513,8.549,8.335,8.386,8.818,8.172,7.817,7.817,6.638,5.654,5.495,4.621,4.266															0	0,0,0,0,0,0,0,0,0,0,0,0,0,0,0			2021-05-22T19:54:28Z	2021-05-26T06:30:02Z	-161.756676793729	42.0093255100211
gp24-425-20	210337	2021-04-06T20:08:24Z	570		0	15		2,10,20,50,100,104,106,136,164,200,300,400,448,500,570	8.616,8.650,8.650,8.633,8.431,8.736,8.465,8.736,8.650,8.263,7.000,5.634,5.080,4.758,4.440															0	0,0,0,0,0,0,0,0,0,0,0,0,0,0,0			2021-05-22T19:54:28Z	2021-05-26T06:30:02Z	-161.714978088857	42.0618832014047
gp24-425-20	210337	2021-04-07T02:09:00Z	544		0	15		2,10,20,50,82,100,154,200,300,352,368,370,400,500,544	8.994,8.869,8.923,8.887,8.905,8.624,9.012,8.606,7.173,6.191,6.316,5.999,5.664,4.771,4.548															0	0,0,0,0,0,0,0,0,0,0,0,0,0,0,0			2021-05-22T19:54:28Z	2021-05-26T06:30:02Z	-161.659218023905	42.0260534365923
gp24-425-20	210337	2021-04-07T10:33:24Z	370		0	15		2,10,20,30,50,100,150,176,178,180,182,200,300,328,370	8.938,8.998,9.011,8.998,8.998,8.778,9.061,8.913,9.136,8.826,8.753,8.471,6.847,6.615,6.000															0	0,0,0,0,0,0,0,0,0,0,0,0,0,0,0			2021-05-22T19:54:28Z	2021-05-26T06:30:02Z	-161.701701639407	42.0718620669608
gp24-425-20	210337	2021-04-07T16:42:48Z	546		0	15		2,10,20,50,100,104,106,148,200,300,316,400,500,544,546	7.842,7.756,7.808,7.911,7.704,8.130,7.756,8.044,7.704,6.325,6.411,4.941,4.047,3.832,3.832															0	0,0,0,0,0,0,0,0,0,0,0,0,0,0,0			2021-05-22T19:54:28Z	2021-05-26T06:30:02Z	-161.632612615923	42.0530036575785
gp24-425-20	210337	2021-04-07T20:20:36Z	574		0	15		2,10,20,50,74,100,132,154,156,158,200,300,400,500,574	7.946,7.946,8.029,8.029,7.740,7.893,8.099,7.994,8.204,7.981,7.464,6.178,4.716,4.082,3.828															0	0,0,0,0,0,0,0,0,0,0,0,0,0,0,0			2021-05-22T19:54:28Z	2021-05-26T06:30:02Z	-161.667025298805	42.085196182546
gp24-425-20	210337	2021-04-08T02:17:24Z	626		0	15		2,10,20,50,100,132,200,276,288,290,292,300,400,500,626	8.486,8.363,8.302,8.241,8.042,8.123,7.582,6.458,6.320,6.499,6.259,6.060,4.737,3.838,3.378															0	0,0,0,0,0,0,0,0,0,0,0,0,0,0,0			2021-05-22T19:54:28Z	2021-05-26T06:30:02Z	-161.700722306919	41.9254894678513
gp24-425-20	210337	2021-04-08T20:07:36Z	570		0	15		2,10,20,50,100,138,200,300,340,400,500,530,532,538,570	8.252,8.215,8.048,7.997,7.811,8.015,7.504,6.171,5.828,4.825,4.026,3.840,4.045,3.771,3.608															0	0,0,0,0,0,0,0,0,0,0,0,0,0,0,0			2021-05-22T19:54:28Z	2021-05-26T06:30:02Z	-161.371014796255	41.7914882083699
gp24-425-20	210337	2021-04-09T02:06:48Z	498		0	15		2,10,20,50,100,104,150,200,282,284,300,400,476,478,498	8.204,8.045,7.961,7.907,7.717,7.943,7.784,7.456,6.137,6.500,5.823,4.402,3.898,4.278,3.778															0	0,0,0,0,0,0,0,0,0,0,0,0,0,0,0			2021-05-22T19:54:28Z	2021-05-26T06:30:02Z	-161.374183613752	41.8970513404093
gp24-425-20	210337	2021-04-09T16:20:36Z	524		0	15		2,10,20,50,100,128,200,258,260,262,300,400,500,518,524	8.154,8.118,8.047,8.012,7.647,7.856,7.247,6.478,6.860,6.389,5.798,4.508,3.792,3.708,3.708															0	0,0,0,0,0,0,0,0,0,0,0,0,0,0,0			2021-05-22T19:54:28Z	2021-05-26T06:30:02Z	-161.487907942851	42.0196256916476
gp24-425-20	210337	2021-04-09T20:05:24Z	476		0	15		2,10,20,28,50,98,100,150,200,258,260,262,300,400,476	6.930,6.930,6.895,7.238,6.761,6.639,6.587,6.605,6.097,5.399,5.720,5.329,4.666,3.373,2.900															0	0,0,0,0,0,0,0,0,0,0,0,0,0,0,0			2021-05-22T19:54:28Z	2021-05-26T06:30:02Z	-161.368183471887	42.1026440629744
gp24-425-20	210337	2021-04-09T20:28:12Z	586		0	15		2,10,20,50,100,110,112,114,158,200,300,400,500,568,586	7.040,7.004,6.915,6.812,6.686,6.633,7.004,6.633,6.722,6.194,4.805,3.471,2.786,2.562,2.611															0	0,0,0,0,0,0,0,0,0,0,0,0,0,0,0			2021-05-22T19:54:28Z	2021-05-26T06:30:02Z	-161.345100229955	42.1050166271772
gp24-425-20	210337	2021-04-10T02:15:36Z	612		0	15		2,10,20,50,100,160,162,164,200,300,362,364,400,500,612	5.522,5.473,5.424,5.424,5.314,5.342,5.730,5.326,4.865,3.775,3.101,3.440,2.717,1.999,1.648															0	0,0,0,0,0,0,0,0,0,0,0,0,0,0,0			2021-05-22T19:54:28Z	2021-05-26T06:30:02Z	-161.31993874139	42.1462788736326
gp24-425-20	210337	2021-04-10T08:08:12Z	518		0	15		2,10,20,26,28,30,50,100,136,200,300,400,500,506,518	5.058,5.058,4.960,4.989,5.376,4.960,5.029,4.843,5.044,4.745,3.500,2.255,1.726,1.726,1.752															0	0,0,0,0,0,0,0,0,0,0,0,0,0,0,0			2021-05-22T19:54:28Z	2021-05-26T06:30:02Z	-161.616928300196	42.1225015495196
gp24-425-20	210337	2021-04-11T02:26:12Z	562		0	15		2,10,20,50,88,100,130,200,300,380,400,438,500,552,562	5.610,5.578,5.419,5.328,5.157,5.173,5.360,4.737,3.661,2.648,2.525,2.168,1.838,1.640,1.684															0	0,0,0,0,0,0,0,0,0,0,0,0,0,0,0			2021-05-22T19:54:28Z	2021-05-26T06:30:02Z	-161.52964428927	41.9318950009893
gp24-425-20	210337	2021-04-11T09:10:12Z	408		0	15		2,10,20,50,100,114,136,150,180,200,300,368,400,404,408	6.367,6.412,6.355,6.131,6.077,6.176,5.832,5.798,5.943,5.775,4.727,3.814,3.579,3.570,3.601															0	0,0,0,0,0,0,0,0,0,0,0,0,0,0,0			2021-05-22T19:54:28Z	2021-05-26T06:30:02Z	-161.315113345654	41.8590501116624
gp24-425-20	210337	2021-04-11T20:08:12Z	570		0	15		2,10,20,28,50,100,150,200,300,360,386,400,500,552,570	6.152,6.120,5.959,5.580,5.564,5.548,5.818,5.282,3.910,3.149,3.213,2.835,2.267,2.126,2.154															0	0,0,0,0,0,0,0,0,0,0,0,0,0,0,0			2021-05-22T19:54:28Z	2021-05-26T06:30:02Z	-160.847874615685	41.8675717991574
gp24-425-20	210337	2021-04-12T02:23:00Z	578		0	14		2,10,20,50,100,116,170,200,300,400,500,530,534,578	6.134,6.033,5.982,5.852,5.717,5.502,5.818,5.355,4.201,2.844,2.133,2.002,2.217,1.922															0	0,0,0,0,0,0,0,0,0,0,0,0,0,0			2021-05-22T19:54:28Z	2021-05-26T06:30:02Z	-160.711363026182	41.8413776180332
gp24-425-20	210337	2021-04-12T11:26:12Z	596		0	15		2,10,20,30,50,100,104,130,176,200,300,400,500,570,596	6.028,5.978,5.879,5.573,5.556,5.929,5.929,5.407,5.523,5.200,3.934,2.718,2.097,2.130,1.890															0	0,0,0,0,0,0,0,0,0,0,0,0,0,0,0			2021-05-22T19:54:28Z	2021-05-26T06:30:02Z	-160.420925601134	41.8399017580035
gp24-425-20	210337	2021-04-12T15:20:36Z	444		0	15		2,10,20,36,50,100,136,142,150,200,300,400,412,414,444	6.210,6.210,6.124,5.846,5.971,5.636,5.803,5.650,5.689,5.272,4.180,2.949,2.892,3.059,2.642															0	0,0,0,0,0,0,0,0,0,0,0,0,0,0,0			2021-05-22T19:54:28Z	2021-05-26T06:30:02Z	-160.360750030206	41.8342101891091
gp24-425-20	210337	2021-04-12T20:15:36Z	576		0	15		2,10,20,50,62,100,106,124,146,200,300,400,500,570,576	5.988,5.988,5.908,5.626,5.988,6.123,6.140,6.073,5.445,5.495,4.252,2.967,2.170,1.926,1.926															0	0,0,0,0,0,0,0,0,0,0,0,0,0,0,0			2021-05-22T19:54:28Z	2021-05-26T06:30:02Z	-160.268628520315	41.8366719956737
gp24-425-20	210337	2021-04-13T15:14:12Z	344		0	15		2,10,20,30,50,94,100,102,150,180,200,244,300,342,344	6.347,6.357,6.366,6.328,6.253,5.919,6.115,5.919,5.957,5.773,5.373,5.151,4.390,4.002,4.056															0	0,0,0,0,0,0,0,0,0,0,0,0,0,0,0			2021-05-22T19:54:28Z	2021-05-26T06:30:02Z	-159.526020586319	41.7645951989474
gp24-425-20	210337	2021-04-14T19:09:24Z	908		0	15		2,10,20,50,98,100,122,176,200,300,402,500,700,878,908	6.909,6.909,6.909,7.068,7.556,7.535,6.827,6.971,6.607,5.380,4.153,3.430,2.624,2.424,2.480															0	0,0,0,0,0,0,0,0,0,0,0,0,0,0,0			2021-05-22T19:54:28Z	2021-05-26T06:30:02Z	-158.533567935214	42.0238616023771
gp24-425-20	210337	2021-04-15T02:23:00Z	630		0	15		2,10,20,50,100,126,130,140,200,300,348,400,500,628,630	7.110,7.110,7.110,7.254,7.128,7.290,6.970,6.794,6.474,5.416,4.636,4.109,3.226,2.784,2.784															0	0,0,0,0,0,0,0,0,0,0,0,0,0,0,0			2021-05-22T19:54:28Z	2021-05-26T06:30:02Z	-158.050697031076	41.8898289653707
gp24-425-20	210337	2021-04-15T04:59:12Z	718		0	15		2,10,20,50,100,136,200,238,278,300,390,500,692,700,718	6.771,6.771,6.788,6.771,6.410,6.753,6.427,5.866,5.575,5.114,3.905,3.001,2.440,2.440,2.470															0	0,0,0,0,0,0,0,0,0,0,0,0,0,0,0			2021-05-22T19:54:28Z	2021-05-26T06:30:02Z	-157.892883912126	41.8737284397851
gp24-425-20	210337	2021-04-15T08:11:48Z	506		0	15		2,10,20,50,58,100,128,160,178,200,210,300,400,500,506	7.303,7.318,7.318,7.116,7.259,6.999,7.157,6.900,7.186,6.856,6.584,5.546,4.384,3.650,3.661															0	0,0,0,0,0,0,0,0,0,0,0,0,0,0,0			2021-05-22T19:54:28Z	2021-05-26T06:30:02Z	-157.765051326053	41.8819505849464
gp24-425-20	210337	2021-04-15T16:18:24Z	530		0	14		2,10,20,50,82,100,106,150,200,300,400,446,500,530	6.894,6.877,6.894,6.816,6.734,6.976,7.058,7.025,6.315,5.092,3.693,3.258,3.032,2.954															0	0,0,0,0,0,0,0,0,0,0,0,0,0,0			2021-05-22T19:54:28Z	2021-05-26T06:30:02Z	-157.510885408423	41.8482319292765
gp24-425-20	210337	2021-04-16T02:27:00Z	546		0	15		2,10,20,50,70,100,112,126,152,200,300,400,500,542,546	6.638,6.638,6.608,6.501,5.784,5.860,5.738,6.234,6.577,5.994,4.930,3.707,2.929,2.826,2.826															0	0,0,0,0,0,0,0,0,0,0,0,0,0,0,0			2021-05-22T19:54:28Z	2021-05-26T06:30:02Z	-157.081204260807	41.798337578653
gp24-425-20	210337	2021-04-16T15:23:36Z	414		0	14		2,10,20,50,60,78,100,150,166,200,300,330,400,414	6.687,6.687,6.700,6.675,6.748,6.149,6.136,6.525,7.038,6.273,5.323,4.599,3.936,3.850															0	0,0,0,0,0,0,0,0,0,0,0,0,0,0			2021-05-22T19:54:28Z	2021-05-26T06:30:02Z	-156.485915665932	41.7930723718219
gp24-425-20	210337	2021-04-17T16:20:36Z	494		0	15		2,10,20,50,80,88,100,134,150,200,238,300,400,492,494	7.307,7.323,7.323,7.339,7.590,7.323,7.291,7.371,7.195,6.820,6.258,5.664,4.304,3.602,3.602															0	0,0,0,0,0,0,0,0,0,0,0,0,0,0,0			2021-05-22T19:54:28Z	2021-05-26T06:30:02Z	-155.334571141401	41.8338116006851
gp24-425-20	210337	2021-04-17T20:07:24Z	528		0	15		2,10,20,50,68,86,100,132,148,200,300,400,500,522,528	7.307,7.307,7.307,7.354,7.558,7.307,7.507,7.473,7.137,6.840,5.689,4.325,3.391,3.310,3.340															0	0,0,0,0,0,0,0,0,0,0,0,0,0,0,0			2021-05-22T19:54:28Z	2021-05-26T06:30:02Z	-155.125472277107	41.8830998912704
gp24-425-20	210337	2021-04-18T11:17:48Z	488		0	15		2,10,20,50,80,100,120,148,150,166,200,300,400,484,488	7.149,7.163,7.163,7.149,6.857,6.943,6.957,7.320,7.320,7.235,6.662,5.769,4.431,3.762,3.801															0	0,0,0,0,0,0,0,0,0,0,0,0,0,0,0			2021-05-22T19:54:28Z	2021-05-26T06:30:02Z	-154.636749475865	41.7313620185722
gp24-425-20	210337	2021-04-18T16:34:00Z	602		0	15		2,10,20,50,64,70,100,142,200,266,300,400,500,600,602	7.153,7.153,7.172,7.259,7.315,7.531,7.642,7.624,6.863,6.028,5.829,4.547,3.514,3.030,3.030															0	0,0,0,0,0,0,0,0,0,0,0,0,0,0,0			2021-05-22T19:54:28Z	2021-05-26T06:30:02Z	-154.406016925938	41.7281672294075
gp24-425-20	210337	2021-04-19T09:14:12Z	296		0	15		2,10,20,30,44,50,75,100,120,136,150,156,160,200,296	7.862,7.870,7.877,7.884,7.812,7.600,7.593,7.664,7.777,7.479,7.436,7.586,7.366,6.856,6.078															0	0,0,0,0,0,0,0,0,0,0,0,0,0,0,0			2021-05-22T19:54:28Z	2021-05-26T06:30:02Z	-153.67901080674	41.6812224733897
gp24-425-20	210337	2021-04-19T09:33:24Z	482		0	15		2,10,20,50,70,100,112,134,140,150,200,300,400,438,482	7.770,7.785,7.800,7.725,7.404,7.621,7.681,7.404,7.565,7.330,6.818,5.952,4.854,4.634,4.066															0	0,0,0,0,0,0,0,0,0,0,0,0,0,0,0			2021-05-22T19:54:28Z	2021-05-26T06:30:02Z	-153.661577861708	41.6812237375178
gp24-425-20	210337	2021-04-20T02:35:48Z	616		0	15		2,10,20,42,50,100,154,200,300,366,400,500,546,606,616	7.287,7.287,7.304,7.236,7.020,7.003,7.372,6.769,5.789,4.707,4.405,3.608,3.294,3.128,3.141															0	0,0,0,0,0,0,0,0,0,0,0,0,0,0,0			2021-05-22T19:54:28Z	2021-05-26T06:30:02Z	-153.003669534758	41.548687683268
gp24-425-20	210337	2021-04-20T11:13:48Z	440		0	15		2,10,20,36,50,82,100,114,134,150,200,300,400,438,440	7.888,7.888,7.888,7.862,7.629,7.407,7.656,8.008,8.190,8.031,7.344,6.471,5.184,4.872,4.872															0	0,0,0,0,0,0,0,0,0,0,0,0,0,0,0			2021-05-22T19:54:28Z	2021-05-26T06:30:02Z	-152.647160570787	41.6224819743418
gp24-425-20	210337	2021-04-20T15:10:24Z	434		0	15		2,10,20,50,72,100,126,138,150,200,224,282,300,400,434	8.524,8.524,8.556,8.540,8.508,8.120,7.994,8.164,8.041,7.388,7.016,6.798,6.521,5.075,4.596															0	0,0,0,0,0,0,0,0,0,0,0,0,0,0,0			2021-05-22T19:54:28Z	2021-05-26T06:30:02Z	-152.50086988283	41.6014375458892
gp24-425-20	210337	2021-04-21T02:19:12Z	596		0	15		2,10,20,50,64,76,98,100,132,152,200,300,400,500,596	7.398,7.380,7.362,7.398,7.380,6.961,7.558,7.540,7.313,7.469,6.907,5.860,4.428,3.586,3.100															0	0,0,0,0,0,0,0,0,0,0,0,0,0,0,0			2021-05-22T19:54:28Z	2021-05-26T06:30:02Z	-151.943797395737	41.6112082788009
gp24-425-20	210337	2021-04-21T09:11:12Z	290		0	15		2,10,20,30,50,75,92,100,104,122,138,150,200,240,290	7.864,7.888,7.924,7.918,7.836,7.398,7.140,7.532,7.766,7.690,7.848,7.654,7.198,6.736,6.434															0	0,0,0,0,0,0,0,0,0,0,0,0,0,0,0			2021-05-22T19:54:28Z	2021-05-26T06:30:02Z	-151.66103667958	41.57452332963
gp24-425-20	210337	2021-04-21T15:30:12Z	260		0	15		2,10,20,30,50,75,100,124,150,160,182,200,230,252,260	8.074,8.070,8.065,8.061,8.003,7.765,7.779,7.976,7.880,7.967,7.862,7.603,7.136,6.952,7.026															0	0,0,0,0,0,0,0,0,0,0,0,0,0,0,0			2021-05-22T19:54:28Z	2021-05-26T06:30:02Z	-151.286501687189	41.4505282689864
gp24-425-20	210337	2021-04-22T02:27:36Z	594		0	15		2,10,20,50,100,118,132,138,162,200,300,400,500,572,594	8.592,8.549,8.464,8.422,7.673,7.651,8.172,7.795,7.944,7.423,6.233,4.670,3.671,3.278,3.294															0	0,0,0,0,0,0,0,0,0,0,0,0,0,0,0			2021-05-22T19:54:28Z	2021-05-26T06:30:02Z	-151.029206892891	41.5523969726076
gp24-425-20	210337	2021-04-22T16:32:48Z	576		0	15		2,10,20,50,70,94,100,130,142,200,300,400,500,570,576	8.010,8.010,7.991,7.902,7.954,7.190,7.208,7.516,8.140,7.190,6.202,4.796,3.771,3.482,3.515															0	0,0,0,0,0,0,0,0,0,0,0,0,0,0,0			2021-05-22T19:54:28Z	2021-05-26T06:30:02Z	-150.111906034722	41.4577612201428
gp24-425-20	210337	2021-04-23T02:32:00Z	562		0	15		2,10,20,40,50,100,118,130,200,300,364,400,500,554,562	8.180,8.047,8.085,8.028,7.730,7.303,7.417,7.678,7.176,6.133,5.058,4.627,3.736,3.442,3.442															0	0,0,0,0,0,0,0,0,0,0,0,0,0,0,0			2021-05-22T19:54:28Z	2021-05-26T06:30:02Z	-149.751563237042	41.516500110014
gp24-425-20	210337	2021-04-23T09:41:24Z	280		0	15		2,10,14,20,30,50,75,100,150,158,200,240,256,276,280	8.200,8.087,7.934,7.914,7.924,7.929,7.919,7.755,8.062,8.092,7.683,7.106,7.096,6.898,7.040															0	0,0,0,0,0,0,0,0,0,0,0,0,0,0,0			2021-05-22T19:54:28Z	2021-05-26T06:30:02Z	-149.49955942825	41.4890177127591
gp24-425-20	210337	2021-04-23T20:31:00Z	644		0	15		2,10,20,50,68,78,100,140,146,200,300,400,500,554,644	8.212,8.192,8.171,7.988,7.829,8.008,7.610,7.988,7.789,7.488,6.187,4.831,3.749,3.387,3.112															0	0,0,0,0,0,0,0,0,0,0,0,0,0,0,0			2021-05-22T19:54:28Z	2021-05-26T06:30:02Z	-148.989069868523	41.321711333575
gp24-425-20	210337	2021-04-24T00:35:24Z	1000		0	15		2,10,20,50,74,100,118,126,200,300,464,500,700,982,1000	8.304,8.209,8.018,7.600,8.000,7.295,7.904,8.280,6.215,3.876,4.114,2.939,2.336,2.336,2.354															0	0,0,0,0,0,0,0,0,0,0,0,0,0,0,0			2021-05-22T19:54:28Z	2021-05-26T06:30:02Z	-148.737010123242	41.2985859088351
gp24-425-20	210337	2021-04-24T09:15:48Z	466		0	15		2,10,20,50,62,100,112,124,150,164,182,200,300,400,466	8.901,8.901,8.954,8.919,8.972,8.482,8.411,8.602,8.322,8.322,7.868,7.783,6.559,5.059,4.520															0	0,0,0,0,0,0,0,0,0,0,0,0,0,0,0			2021-05-22T19:54:28Z	2021-05-26T06:30:02Z	-148.535525243584	41.2184174752256
gp24-425-20	210337	2021-04-24T15:16:24Z	506		0	15		2,10,20,34,50,74,98,100,122,142,200,300,400,500,506	8.331,8.405,8.349,7.770,8.639,8.676,8.133,8.115,7.843,8.078,7.374,6.095,4.849,4.090,4.076															0	0,0,0,0,0,0,0,0,0,0,0,0,0,0,0			2021-05-22T19:54:28Z	2021-05-26T06:30:02Z	-148.143730240556	41.2104991535091
gp24-425-20	210337	2021-04-25T15:20:36Z	450		0	15		2,10,20,50,70,76,100,118,130,150,200,300,360,400,450	8.610,8.488,8.180,7.875,7.806,7.619,7.823,7.875,8.149,7.958,7.280,6.084,5.384,4.671,4.262															0	0,0,0,0,0,0,0,0,0,0,0,0,0,0,0			2021-05-22T19:54:28Z	2021-05-26T06:30:02Z	-146.953804744465	40.7791553513633
gp24-425-20	210337	2021-04-25T17:52:12Z	514		0	15		2,10,20,36,50,100,112,124,164,200,300,400,500,510,514	8.476,8.457,8.402,8.127,8.146,7.890,8.220,8.271,7.615,7.233,6.228,4.753,3.855,3.822,3.836															0	0,0,0,0,0,0,0,0,0,0,0,0,0,0,0			2021-05-22T19:54:28Z	2021-05-26T06:30:02Z	-146.946487197837	40.7679013064083
gp24-425-20	210337	2021-04-27T08:14:00Z	452		0	15		2,10,20,28,42,50,98,100,150,200,300,400,418,450,452	10.806,10.763,10.572,10.492,9.679,9.594,9.201,9.158,9.009,8.467,7.324,6.197,5.798,5.490,5.506															0	0,0,0,0,0,0,0,0,0,0,0,0,0,0,0			2021-05-22T19:54:28Z	2021-05-26T06:30:02Z	-145.261686453932	40.2211051510653
gp24-425-20	210337	2021-04-27T15:15:12Z	478		0	14		2,10,20,36,50,66,78,100,116,150,200,300,400,478	10.074,10.052,9.920,9.750,9.167,8.843,8.992,8.755,8.799,8.305,7.937,6.756,5.289,4.580															0	0,0,0,0,0,0,0,0,0,0,0,0,0,0			2021-05-22T19:54:28Z	2021-05-26T06:30:02Z	-144.948761292403	40.1651252849741
gp24-425-20	210337	2021-04-27T20:25:36Z	664		0	15		2,10,20,50,76,98,100,152,200,300,400,500,590,652,664	10.460,10.432,10.377,9.966,9.416,9.201,9.173,8.136,7.677,6.557,5.436,4.288,3.690,3.502,3.551															0	0,0,0,0,0,0,0,0,0,0,0,0,0,0,0			2021-05-22T19:54:28Z	2021-05-26T06:30:02Z	-144.784199536687	40.0602294577691
gp24-425-20	210337	2021-04-28T02:12:48Z	594		0	15		2,10,20,38,50,66,98,100,142,200,300,400,500,590,594	10.630,10.630,10.602,10.602,10.140,9.464,8.842,8.815,8.083,7.676,6.434,5.350,4.266,3.728,3.749															0	0,0,0,0,0,0,0,0,0,0,0,0,0,0,0			2021-05-22T19:54:28Z	2021-05-26T06:30:02Z	-144.429167376448	40.0658042988233
gp24-425-20	210337	2021-04-28T09:02:12Z	576		0	15		2,10,20,50,72,98,100,144,200,254,300,400,500,574,576	10.978,10.950,10.950,10.597,9.695,9.313,9.286,8.419,7.954,7.163,6.789,5.478,4.444,4.042,4.042															0	0,0,0,0,0,0,0,0,0,0,0,0,0,0,0			2021-05-22T19:54:28Z	2021-05-26T06:30:02Z	-144.025548264791	40.0570620891188
gp24-425-20	210337	2021-04-28T20:08:12Z	508		0	14		2,10,20,50,66,98,100,116,160,200,300,400,500,508	10.620,10.544,10.519,10.249,9.827,9.235,9.210,9.159,8.026,7.680,6.540,5.281,4.343,4.324															0	0,0,0,0,0,0,0,0,0,0,0,0,0,0			2021-05-22T19:54:28Z	2021-05-26T06:30:02Z	-143.580131905503	40.1375538157894
gp24-425-20	210337	2021-04-29T03:52:12Z	622		0	15		2,10,20,50,76,98,100,126,148,200,300,400,500,616,622	10.738,10.655,10.600,10.463,10.139,9.602,9.574,9.030,8.252,7.846,6.579,5.498,4.389,3.852,3.873															0	0,0,0,0,0,0,0,0,0,0,0,0,0,0,0			2021-05-22T19:54:28Z	2021-05-26T06:30:02Z	-143.464462569966	40.1199131348138
gp24-425-20	210337	2021-04-29T14:38:24Z	554		0	15		2,10,20,50,72,100,110,124,160,200,300,400,500,540,554	11.003,11.003,11.031,11.086,10.948,9.976,10.031,9.783,8.487,8.053,6.619,5.350,4.406,4.192,4.192															0	0,0,0,0,0,0,0,0,0,0,0,0,0,0,0			2021-05-22T19:54:28Z	2021-05-26T06:30:02Z	-142.555060053115	40.1067394199089
gp24-425-20	210337	2021-04-29T18:02:00Z	694		0	15		2,10,20,50,98,100,128,172,200,240,300,400,500,684,694	10.686,10.657,10.657,10.201,9.686,9.628,9.461,8.179,7.867,7.614,6.788,5.454,4.433,3.440,3.491															0	0,0,0,0,0,0,0,0,0,0,0,0,0,0,0			2021-05-22T19:54:28Z	2021-05-26T06:30:02Z	-142.483506469264	40.0335264264712
gp24-425-20	210337	2021-04-30T02:35:12Z	652		0	15		2,10,20,50,98,100,110,134,160,200,300,400,500,638,652	11.172,10.931,10.901,10.345,9.721,9.668,9.367,9.397,8.397,8.014,6.660,5.682,4.502,3.652,3.705															0	0,0,0,0,0,0,0,0,0,0,0,0,0,0,0			2021-05-22T19:54:28Z	2021-05-26T06:30:02Z	-141.958314795063	40.0724400507885
gp24-425-20	210337	2021-04-30T15:09:24Z	306		0	15		2,10,20,30,50,74,100,104,128,140,150,200,300,304,306	11.304,11.269,11.180,11.163,11.061,10.385,10.244,10.315,9.361,8.738,8.513,8.027,6.919,6.888,6.888															0	0,0,0,0,0,0,0,0,0,0,0,0,0,0,0			2021-05-22T19:54:28Z	2021-05-26T06:30:02Z	-141.387313274535	40.0698576535508
gp24-425-20	210337	2021-04-30T16:16:00Z	640		0	15		2,10,20,50,86,98,100,126,144,152,200,300,400,500,640	11.150,11.060,11.000,10.940,10.556,10.113,10.083,9.587,8.347,8.144,7.760,6.370,5.250,4.280,3.634															0	0,0,0,0,0,0,0,0,0,0,0,0,0,0,0			2021-05-22T19:54:28Z	2021-05-26T06:30:02Z	-141.353071891575	40.0250366470555
gp24-425-20	210337	2021-05-01T15:25:48Z	312		0	14		2,10,20,30,50,68,98,100,118,134,150,200,300,312	11.272,11.159,10.956,10.825,10.014,9.642,9.680,9.609,9.181,8.446,8.149,7.871,6.633,6.562															0	0,0,0,0,0,0,0,0,0,0,0,0,0,0			2021-05-22T19:54:28Z	2021-05-26T06:30:02Z	-140.279606854341	39.7921750638545
gp24-425-20	210337	2021-05-01T16:27:24Z	614		0	15		2,10,20,42,50,98,100,122,154,200,300,400,500,612,614	11.216,11.064,10.852,10.411,9.873,9.159,9.129,8.947,7.967,7.732,6.541,5.440,4.157,3.626,3.649															0	0,0,0,0,0,0,0,0,0,0,0,0,0,0,0			2021-05-22T19:54:28Z	2021-05-26T06:30:02Z	-140.213618106703	39.7792815834565
gp24-425-20	210337	2021-05-01T20:24:12Z	690		0	15		2,10,20,50,98,100,130,150,170,200,300,400,500,668,690	11.274,11.147,10.957,10.149,9.499,9.499,9.222,8.192,7.757,7.725,6.267,5.119,4.184,3.352,3.407															0	0,0,0,0,0,0,0,0,0,0,0,0,0,0,0			2021-05-22T19:54:28Z	2021-05-26T06:30:02Z	-140.004443444921	39.7268475114224
gp24-425-20	210337	2021-05-02T02:17:24Z	642		0	14		2,10,20,50,98,100,126,134,150,200,300,400,500,642	11.246,11.090,10.753,10.166,9.493,9.368,8.938,9.157,8.202,7.686,6.489,5.198,4.157,3.422															0	0,0,0,0,0,0,0,0,0,0,0,0,0,0			2021-05-22T19:54:28Z	2021-05-26T06:30:02Z	-139.743295945849	39.6906332280268
gp24-425-20	210337	2021-05-02T08:29:12Z	604		0	15		2,10,20,50,100,124,138,144,150,200,300,400,500,598,604	11.681,11.841,12.178,11.807,10.289,10.652,9.825,8.603,8.207,7.743,6.453,5.331,4.303,3.746,3.746															0	0,0,0,0,0,0,0,0,0,0,0,0,0,0,0			2021-05-22T19:54:28Z	2021-05-26T06:30:02Z	-139.560438304225	39.7409649528462
gp24-425-20	210337	2021-05-03T08:20:24Z	554		0	15		2,10,20,50,98,100,140,170,200,300,368,400,500,544,554	11.506,11.094,10.712,10.030,9.566,9.536,9.213,7.947,7.475,6.269,5.183,4.980,4.156,4.014,4.036															0	0,0,0,0,0,0,0,0,0,0,0,0,0,0,0			2021-05-22T19:54:28Z	2021-05-26T06:30:02Z	-138.58145473246	39.5905516606414
gp24-425-20	210337	2021-05-03T14:24:00Z	568		0	15		2,10,20,38,50,98,100,122,140,200,260,300,400,500,568	11.464,10.784,10.523,9.761,9.560,8.970,8.940,8.649,7.947,7.155,6.572,5.893,5.131,4.198,3.996															0	0,0,0,0,0,0,0,0,0,0,0,0,0,0,0			2021-05-22T19:54:28Z	2021-05-26T06:30:02Z	-138.31259361788	39.5207150503075
gp24-425-20	210337	2021-05-03T20:22:36Z	652		0	15		2,10,20,50,78,98,100,118,142,200,300,400,500,650,652	11.578,10.977,10.785,9.879,9.912,9.407,9.375,9.062,7.900,7.019,5.954,4.912,4.031,3.566,3.566															0	0,0,0,0,0,0,0,0,0,0,0,0,0,0,0			2021-05-22T19:54:28Z	2021-05-26T06:30:02Z	-138.047430913954	39.4518388104417
gp24-425-20	210337	2021-05-04T15:04:24Z	616		0	15		2,10,20,50,88,100,126,134,150,200,300,400,500,606,616	12.544,12.097,12.404,11.992,10.686,10.791,10.169,9.415,8.723,7.286,6.357,4.946,4.122,3.780,3.780															0	0,0,0,0,0,0,0,0,0,0,0,0,0,0,0			2021-05-22T19:54:28Z	2021-05-26T06:30:02Z	-137.24172920558	39.3780950339802
gp24-425-20	210337	2021-05-04T20:38:36Z	664		0	15		2,10,20,50,98,100,128,148,200,300,400,442,500,662,664	11.862,11.212,10.891,10.216,9.665,9.632,9.245,8.150,7.245,5.986,4.916,4.373,4.076,3.632,3.632															0	0,0,0,0,0,0,0,0,0,0,0,0,0,0,0			2021-05-22T19:54:28Z	2021-05-26T06:30:02Z	-136.915059368042	39.4063950787082
gp24-425-20	210337	2021-05-06T02:20:12Z	676		0	15		2,10,20,26,50,98,100,116,136,200,300,400,500,592,676	11.588,11.523,11.197,10.782,9.984,9.219,9.187,9.065,8.169,7.054,6.061,5.076,4.213,3.668,3.448															0	0,0,0,0,0,0,0,0,0,0,0,0,0,0,0			2021-05-22T19:54:28Z	2021-05-26T06:30:02Z	-135.583462137601	39.2872717366648
gp24-425-20	210337	2021-05-06T15:33:48Z	404		0	14		2,10,20,26,50,60,98,100,118,150,200,300,400,404	11.516,11.465,11.261,10.661,10.164,9.737,9.411,9.411,9.163,7.785,7.313,6.184,5.157,5.138															0	0,0,0,0,0,0,0,0,0,0,0,0,0,0			2021-05-22T19:54:28Z	2021-05-26T06:30:02Z	-134.911157132715	39.2330937741959
gp24-425-20	210337	2021-05-06T20:38:36Z	470		0	15		2,10,20,50,100,116,140,150,178,200,274,300,400,460,470	11.380,11.352,11.268,9.843,9.402,9.214,7.949,7.788,7.075,6.831,6.495,6.139,4.909,4.392,4.441															0	0,0,0,0,0,0,0,0,0,0,0,0,0,0,0			2021-05-22T19:54:28Z	2021-05-26T06:30:02Z	-134.613782201116	39.2663880687
gp24-425-20	210337	2021-05-08T02:12:24Z	568		0	15		2,10,20,50,84,98,100,112,146,200,300,400,500,562,568	11.572,11.478,11.171,10.085,9.747,8.669,8.543,7.835,7.032,6.387,5.459,4.593,3.916,3.704,3.791															0	0,0,0,0,0,0,0,0,0,0,0,0,0,0,0			2021-05-22T19:54:28Z	2021-05-26T06:30:02Z	-133.227533738837	38.9950059962952
gp24-425-20	210337	2021-05-08T08:48:24Z	460		0	15		2,10,20,38,50,84,98,100,136,150,200,300,400,456,460	11.680,11.589,11.438,10.280,10.280,9.863,8.856,8.652,7.282,7.047,6.389,5.291,4.375,4.110,4.110															0	0,0,0,0,0,0,0,0,0,0,0,0,0,0,0			2021-05-22T19:54:28Z	2021-05-26T06:30:02Z	-133.100196903399	38.8446987325335
gp24-425-20	210337	2021-05-09T16:12:48Z	598		0	15		2,10,20,50,86,100,104,140,184,200,300,400,500,594,598	11.660,11.628,11.597,10.970,9.670,9.607,9.726,7.648,7.363,6.776,5.873,4.786,4.192,3.732,3.732															0	0,0,0,0,0,0,0,0,0,0,0,0,0,0,0			2021-05-22T19:54:28Z	2021-05-26T06:30:02Z	-131.642811079877	38.6675870605909
gp24-425-20	210337	2021-05-10T09:52:36Z	442		0	15		2,10,20,28,38,50,74,98,100,138,150,200,300,400,442	12.118,12.118,12.091,12.012,11.461,11.281,11.122,10.551,10.451,8.805,8.546,7.842,6.620,5.710,5.478															0	0,0,0,0,0,0,0,0,0,0,0,0,0,0,0			2021-05-22T19:54:28Z	2021-05-26T06:30:02Z	-130.774798159322	38.4976976462462
gp24-425-20	210337	2021-05-10T22:11:36Z	616		0	15		2,10,20,50,86,98,100,140,200,300,400,440,500,610,616	11.372,11.342,11.281,10.095,9.914,9.529,9.499,7.874,7.217,6.213,5.178,4.672,4.377,3.818,3.841															0	0,0,0,0,0,0,0,0,0,0,0,0,0,0,0			2021-05-22T19:54:28Z	2021-05-26T06:30:02Z	-130.087158737393	38.2430606476452
gp24-425-20	210337	2021-05-11T18:49:24Z	942		0	15		2,10,20,30,38,50,98,100,164,200,300,500,700,936,942	10.938,10.906,10.875,10.652,9.534,9.352,8.662,8.630,7.139,7.012,6.020,4.402,3.466,3.006,3.006															0	0,0,0,0,0,0,0,0,0,0,0,0,0,0,0			2021-05-22T19:54:28Z	2021-05-26T06:30:02Z	-129.134309786435	38.1012217203624
gp24-425-20	210337	2021-05-12T21:07:12Z	312		0	15		2,10,20,30,44,50,58,64,98,100,150,200,288,300,312	10.120,10.102,10.102,10.067,9.943,9.651,8.798,8.524,7.706,7.675,7.224,6.821,5.698,5.729,5.729															0	0,0,0,0,0,0,0,0,0,0,0,0,0,0,0			2021-05-22T19:54:28Z	2021-05-26T06:30:02Z	-127.761597472182	37.9506809825693
gp24-425-20	210337	2021-05-13T02:22:48Z	564		0	15		2,10,20,34,50,62,98,100,200,274,300,400,500,558,564	10.572,10.546,10.520,10.338,8.506,7.973,7.511,7.511,6.491,5.984,5.523,4.685,4.301,4.074,4.074															0	0,0,0,0,0,0,0,0,0,0,0,0,0,0,0			2021-05-22T19:54:28Z	2021-05-26T06:30:02Z	-127.360081974751	37.9103996735969
gp24-425-20	210337	2021-05-13T19:48:12Z	918		0	15		2,10,20,50,58,66,98,100,132,200,300,500,700,898,918	10.196,10.168,10.168,10.026,9.912,8.968,8.464,8.386,7.271,6.909,5.652,4.260,3.678,3.096,3.117															0	0,0,0,0,0,0,0,0,0,0,0,0,0,0,0			2021-05-22T19:54:28Z	2021-05-26T06:30:02Z	-127.063807187664	37.7905307984344
gp24-425-20	210337	2021-05-14T16:08:48Z	464		0	15		2,10,20,50,68,98,100,110,132,150,200,224,300,400,464	9.984,9.965,9.965,9.453,8.734,8.334,8.334,8.242,7.711,7.542,6.953,6.630,6.123,5.496,5.158															0	0,0,0,0,0,0,0,0,0,0,0,0,0,0,0			2021-05-22T19:54:28Z	2021-05-26T06:30:02Z	-125.527708385627	37.6022845215952
gp24-425-20	210337	2021-05-15T21:14:12Z	332		0	15		2,10,20,30,34,38,46,50,78,98,100,150,200,300,332	8.968,8.952,8.919,8.726,8.353,7.565,7.614,7.984,7.422,7.229,7.229,6.458,5.863,5.071,4.866															0	0,0,0,0,0,0,0,0,0,0,0,0,0,0,0			2021-05-22T19:54:28Z	2021-05-26T06:30:02Z	-124.454790581423	37.5250699196622
gp24-425-20	210337	2021-05-16T02:54:12Z	498		0	15		2,10,20,30,42,50,66,98,100,150,200,300,400,492,498	9.168,9.151,9.133,8.993,8.072,8.190,8.137,7.093,7.076,6.578,6.084,5.639,5.018,4.800,4.831															0	0,0,0,0,0,0,0,0,0,0,0,0,0,0,0			2021-05-22T19:54:28Z	2021-05-26T06:30:02Z	-124.122438451831	37.6322857908553
gp24-425-20	210337	2021-05-16T09:37:12Z	342		0	15		2,10,20,30,44,50,98,100,150,200,230,252,278,300,342	10.012,9.995,9.944,9.628,8.534,8.453,7.507,7.410,6.912,6.481,6.464,6.117,6.299,6.050,5.788															0	0,0,0,0,0,0,0,0,0,0,0,0,0,0,0			2021-05-22T19:54:28Z	2021-05-26T06:30:02Z	-123.545511294778	37.5447806013977
gp24-425-20	210337	2021-05-16T14:25:36Z	516		0	15		2,10,20,34,46,50,98,100,200,274,300,400,500,510,516	9.600,9.582,9.546,9.260,8.139,7.999,7.323,7.305,6.447,6.184,5.826,5.345,5.114,5.064,5.064															0	0,0,0,0,0,0,0,0,0,0,0,0,0,0,0			2021-05-22T19:54:28Z	2021-05-26T06:30:02Z	-123.181742238352	37.4856893003011
gp24-425-20	210337	2021-05-16T16:04:00Z	788		0	15		2,10,20,30,50,98,100,144,200,220,252,300,500,700,788	9.692,9.624,9.512,9.314,8.029,7.454,7.437,6.772,6.349,6.416,6.084,5.931,4.894,4.274,4.054															0	0,0,0,0,0,0,0,0,0,0,0,0,0,0,0			2021-05-22T19:54:28Z	2021-05-26T06:30:02Z	-123.125249869236	37.4703909796367
gp24-425-20	210337	2021-05-16T20:30:48Z	688		0	15		2,10,20,34,50,68,98,100,200,300,400,500,644,686,688	9.716,9.651,9.478,9.203,8.062,7.679,7.571,7.554,6.684,6.090,5.431,5.198,4.690,4.312,4.328															0	0,0,0,0,0,0,0,0,0,0,0,0,0,0,0			2021-05-22T19:54:28Z	2021-05-26T06:30:02Z	-123.070464574681	37.4247984102748
gp24-425-20	210337	2021-05-17T04:06:24Z	108		0	15		2,10,20,24,26,30,32,40,44,50,60,75,100,104,108	9.142,9.034,8.655,8.610,8.655,8.518,8.434,7.841,7.649,7.541,7.433,7.317,7.186,7.180,7.209															0	0,0,0,0,0,0,0,0,0,0,0,0,0,0,0			2021-05-22T19:54:28Z	2021-05-26T06:30:02Z	-122.726160349632	37.1812011886238
gp24-425-20	210337	2021-05-17T10:02:12Z	82		0	15		2,4,6,10,16,18,20,26,30,40,50,60,70,75,82	9.488,9.401,9.254,8.857,8.226,8.117,8.056,7.792,7.752,7.683,7.581,7.558,7.573,7.558,7.504															0	0,0,0,0,0,0,0,0,0,0,0,0,0,0,0			2021-05-22T19:54:28Z	2021-05-26T06:30:02Z	-122.528058357306	37.1194776699208
